601,5915,4964,951
602,13529,11336,2193
603,19153,14890,4263
604,1091,890,201
606,2015,1648,367
610,9266,7482,1784
612,25342,19934,5408
616,3569,2878,691
617,7805,6354,1451
622,3143,2285,858
623,14011,10846,3165
624,7731,6610,1121
627,11457,9608,1849
631,712,554,158
637,8878,7029,1849
638,6021,5016,1005
641,11093,9074,2019
646,10913,9142,1771
647,1861,1444,417
650,3946,3371,575
652,1062,838,224
653,5413,4304,1109
656,7187,6031,1156
659,12693,10646,2047
660,5817,4731,1086
662,14297,11602,2695
664,5077,4260,817
667,9156,7372,1784
669,10288,8664,1624
670,3623,2974,649
674,15442,12576,2866
676,12743,10790,1953
677,5150,4056,1094
678,8838,7342,1496
680,26549,19252,7297
682,8816,6571,2245
683,12130,9373,2757
685,15084,12431,2653
687,8793,7650,1143
688,4129,3486,643
690,1839,1514,325
692,10991,9225,1766
693,20502,17080,3422
698,15028,12411,2617
703,9123,7627,1496
704,2452,2019,433
705,8415,7021,1394
707,4011,3310,701
714,6160,5042,1118
715,820,555,265
716,12597,10313,2284
717,8866,6018,2848
718,7878,6228,1650
719,8977,7715,1262
720,7109,6096,1013
723,6595,5333,1262
725,48185,39295,8890
728,15271,13080,2191
729,15740,13320,2420
730,12785,9644,3141
731,6334,5429,905
735,5731,4609,1122
736,16392,13411,2981
738,13257,10357,2900
739,12477,10792,1685
740,881,614,267
741,1898,1587,311
745,16465,13797,2668
751,7867,6245,1622
754,13131,10770,2361
757,6777,5562,1215
765,3330,2397,933
766,7719,6627,1092
767,12209,10119,2090
769,11761,9770,1991
771,11170,9431,1739
772,7349,6153,1196
773,6577,5284,1293
775,704,488,216
777,11941,9965,1976
778,11764,9950,1814
780,3040,2557,483
782,5999,4937,1062
783,11237,9562,1675
784,14101,11303,2798
791,17396,14110,3286
794,8654,7443,1211
795,14949,12558,2391
901,3323,1705,1618
906,192,129,63
907,10763,5489,5274
909,3155,1860,1295
911,4746,2259,2487
912,3320,1989,1331
913,3851,2842,1009
915,13659,9168,4491
917,10354,6578,3776
918,8114,4687,3427
920,7964,5367,2597
921,15177,11092,4085
923,11794,8191,3603
924,21154,16234,4920
925,3053,1372,1681
926,35079,28178,6901
927,6701,4442,2259
934,142,142,0
949,26556,21974,4582
952,3805,3132,673
953,18967,16645,2322
956,26746,21992,4754
957,16160,13767,2393
959,18739,14694,4045
961,12078,9846,2232
962,9643,7762,1881
965,2818,2176,642
966,5855,4368,1487
968,1905,1038,867
969,16441,13468,2973
971,9559,7865,1694
976,23583,19823,3760
979,8414,4995,3419
982,5358,4173,1185
983,16206,12945,3261
985,19437,16254,3183
987,12813,10937,1876
1001,6947,4219,2728
1002,9876,5081,4795
1005,1900,1400,500
1007,4913,3547,1366
1008,463,348,115
1010,1256,887,369
1011,785,562,223
1012,189,139,50
1013,9544,5902,3642
1020,12622,7857,4765
1022,949,492,457
1026,422,285,137
1027,7414,4612,2802
1028,5255,3997,1258
1029,253,172,81
1030,4324,3228,1096
1031,490,310,180
1032,86,48,38
1033,2276,1695,581
1034,722,525,197
1035,1895,1240,655
1036,1804,1448,356
1037,241,196,45
1038,1067,727,340
1039,465,307,158
1040,15000,9530,5470
1050,889,677,212
1053,548,340,208
1054,550,379,171
1056,7640,5492,2148
1057,3065,2212,853
1060,7003,2740,4263
1062,4296,2820,1476
1068,593,480,113
1069,4083,2630,1453
1070,234,154,80
1071,596,477,119
1072,543,395,148
1073,1966,1536,430
1075,6593,4212,2381
1077,3312,2419,893
1080,1009,715,294
1081,620,452,168
1082,4100,2664,1436
1083,864,663,201
1084,53,45,8
1085,15057,10230,4827
1088,274,134,140
1089,11866,7193,4673
1092,459,311,148
1095,5009,4067,942
1096,1092,696,396
1098,465,323,142
1103,1493,563,930
1104,8977,5555,3422
1105,5376,2785,2591
1106,5905,4525,1380
1107,3800,2631,1169
1108,9898,6108,3790
1109,9950,6888,3062
1118,5714,4009,1705
1119,4658,3277,1381
1128,1044,824,220
1129,2782,1899,883
1151,3319,2135,1184
1201,20382,12341,8041
1220,4251,2658,1593
1222,292,246,46
1223,678,513,165
1225,1107,815,292
1226,3057,2114,943
1230,3721,2294,1427
1235,975,698,277
1236,841,578,263
1237,983,702,281
1238,2562,1741,821
1240,2288,1326,962
1242,41,41,0
1244,0,0,0
1245,397,258,139
1247,7265,4349,2916
1253,267,182,85
1254,405,287,118
1255,324,213,111
1256,291,203,88
1257,981,607,374
1258,68,44,24
1259,216,170,46
1262,373,180,193
1264,95,66,29
1266,714,470,244
1267,2895,1849,1046
1301,8066,4496,3570
1330,636,435,201
1331,5051,3449,1602
1337,1020,736,284
1338,10,4,6
1339,772,554,218
1340,726,499,227
1341,672,499,173
1342,393,266,127
1344,340,259,81
1346,115,82,33
1349,684,402,282
1350,28,16,12
1351,942,665,277
1355,368,255,113
1360,1168,827,341
1364,3061,1985,1076
1366,431,297,134
1367,160,110,50
1368,429,313,116
1370,1746,1130,616
1373,2216,1442,774
1375,1621,795,826
1376,2796,1702,1094
1378,282,203,79
1379,362,214,148
1380,17,11,6
1420,14982,9456,5526
1430,1944,1549,395
1431,980,780,200
1432,2983,1797,1186
1436,1045,780,265
1438,47,38,9
1440,8456,5209,3247
1450,3268,2549,719
1451,1777,1457,320
1452,1321,1111,210
1453,16552,11042,5510
1460,2960,2255,705
1462,3555,2674,881
1463,3845,3018,827
1464,2061,1418,643
1467,40,40,0
1468,1184,927,257
1469,2055,1662,393
1473,2526,1935,591
1474,1037,821,216
1475,3462,2521,941
1501,6284,4392,1892
1503,870,659,211
1504,3228,2326,902
1505,1568,1143,425
1506,1212,868,344
1507,3786,3048,738
1510,5599,3406,2193
1515,775,598,177
1516,2487,1955,532
1518,881,633,248
1519,2047,1587,460
1520,4673,3643,1030
1521,900,676,224
1522,1072,820,252
1523,2014,1549,465
1524,2205,1596,609
1527,4930,3471,1459
1529,926,733,193
1531,314,267,47
1532,4936,3936,1000
1534,1633,1245,388
1535,1822,1241,581
1536,2502,1651,851
1537,787,484,303
1540,4264,3092,1172
1541,1173,967,206
1542,631,484,147
1543,2244,1687,557
1545,12425,8755,3670
1550,7097,4594,2503
1560,1142,714,428
1562,4579,3107,1472
1564,2579,2078,501
1566,2185,1614,571
1568,2039,1565,474
1569,3954,2993,961
1570,6555,4080,2475
1571,4086,2879,1207
1581,6508,4491,2017
1583,2402,1772,630
1585,2128,1446,682
1588,3195,2275,920
1590,2800,2294,506
1602,9294,5992,3302
1603,6761,4200,2561
1604,14065,8084,5981
1605,9494,5706,3788
1606,7884,4966,2918
1607,3234,1887,1347
1608,1241,729,512
1609,7525,3855,3670
1610,7646,4327,3319
1611,852,611,241
1612,1425,1161,264
1701,12065,8706,3359
1702,14175,7940,6235
1718,179,117,62
1719,1867,1296,571
1720,7259,5399,1860
1721,5729,4072,1657
1730,4625,3456,1169
1731,812,790,22
1740,1427,1193,234
1741,1628,1406,222
1742,5988,4451,1537
1745,175,95,80
1746,4803,3835,968
1747,2181,1531,650
1748,4423,3670,753
1749,6984,4880,2104
1752,14516,9374,5142
1754,4278,2806,1472
1756,1817,1475,342
1757,10478,7316,3162
1760,12957,8544,4413
1770,1427,1233,194
1772,2753,2322,431
1773,1995,1489,506
1775,2089,1682,407
1776,5523,4836,687
1778,4673,3754,919
1801,15029,9695,5334
1803,8315,6428,1887
1810,11346,8594,2752
1821,9980,7972,2008
1824,9375,7076,2299
1826,10450,7756,2694
1827,932,800,132
1830,9351,5852,3499
1832,8455,5621,2834
1833,2572,2013,559
1834,2076,1743,333
1835,5193,3493,1700
1840,2001,922,1079
1841,14089,10276,3813
1843,8366,5758,2608
1844,16548,11635,4913
1845,9699,7012,2687
1850,5705,3824,1881
1851,10179,6930,3249
1852,12997,7817,5180
1854,9111,5676,3435
1860,2230,1702,528
1862,3183,2452,731
1863,3451,2285,1166
1864,4799,3750,1049
1867,8669,6479,2190
1876,9753,7646,2107
1879,3745,2965,780
1880,9776,6643,3133
1886,6836,5824,1012
1887,7011,5810,1201
1890,7723,5831,1892
1902,18622,10668,7954
1904,6668,4846,1822
1905,8348,5633,2715
1906,9796,7140,2656
1907,5717,3996,1721
1908,1638,988,650
1913,6425,4269,2156
1915,15736,9929,5807
1921,2560,2253,307
1922,935,767,168
1923,9544,6602,2942
1929,1314,940,374
1930,12588,7912,4676
1938,5288,3484,1804
1940,4180,3352,828
1944,2175,1459,716
1945,8548,5692,2856
1949,2325,1778,547
1950,8051,4684,3367
1951,1005,771,234
1952,3086,2025,1061
1960,18578,12997,5581
1966,3472,2035,1437
1969,1960,1438,522
1970,17477,9750,7727
1982,2668,2152,516
1983,2101,1718,383
1984,1278,952,326
1985,1401,1192,209
2019,5577,4306,1271
2021,7949,5562,2387
2025,2677,2060,617
2026,8716,6169,2547
2030,1842,1571,271
2032,1375,1044,331
2035,6143,4413,1730
2038,10153,7894,2259
2043,7197,5493,1704
2045,4526,2851,1675
2048,7970,5939,2031
2050,9123,6746,2377
2052,4016,3316,700
2053,4160,3337,823
2054,3013,2193,820
2056,2822,2433,389
2061,3231,2732,499
2062,11628,7441,4187
2066,6455,4812,1643
2067,5947,4953,994
2071,288,277,11
2072,10270,7309,2961
2081,6398,4672,1726
2090,5104,3880,1224
2093,3402,2650,752
2108,1889,592,1297
2109,2075,634,1441
2110,883,309,574
2111,2009,925,1084
2113,4053,926,3127
2114,6590,1570,5020
2115,10454,2268,8186
2116,10852,3085,7767
2118,10426,3343,7083
2119,8997,5528,3469
2120,4080,1998,2082
2121,8856,6090,2766
2122,8244,5268,2976
2124,17396,12098,5298
2125,11467,7286,4181
2126,9378,7035,2343
2127,13859,6267,7592
2128,14322,8768,5554
2129,7341,3295,4046
2130,14608,6967,7641
2131,12100,7667,4433
2132,10090,6131,3959
2134,9369,2859,6510
2135,20227,7165,13062
2136,10737,6996,3741
2138,14134,5631,8503
2139,14306,5815,8491
2140,7778,3577,4201
2141,5630,2552,3078
2142,798,369,429
2143,11004,4641,6363
2144,10511,4316,6195
2145,9999,5987,4012
2148,23028,13673,9355
2149,15433,9610,5823
2150,11908,7686,4222
2151,19422,11863,7559
2152,7843,4596,3247
2155,22102,13556,8546
2163,373,139,234
2169,23771,12259,11512
2170,7931,4458,3473
2171,7191,3971,3220
2176,10971,7101,3870
2180,9059,5880,3179
2184,12623,8888,3735
2186,8993,6777,2216
2188,6119,3747,2372
2189,6058,3839,2219
2190,6310,4068,2242
2191,3541,2391,1150
2199,719,184,535
2210,194,85,109
2215,8015,1179,6836
2222,0,0,0
2301,22507,14523,7984
2302,11165,8207,2958
2322,1712,1223,489
2324,7518,5641,1877
2330,4006,3036,970
2332,4931,3964,967
2333,4344,3439,905
2338,2753,2063,690
2339,4355,3558,797
2341,3122,2560,562
2343,4074,2887,1187
2346,6980,5161,1819
2347,3307,2667,640
2351,5260,3768,1492
2356,3878,2990,888
2358,8,8,0
2359,5744,4571,1173
2360,18499,13422,5077
2364,4250,3155,1095
2366,0,0,0
2367,845,726,119
2368,11335,8087,3248
2370,6557,4637,1920
2375,3626,2620,1006
2379,2452,1788,664
2382,5013,3638,1375
2420,5048,3910,1138
2421,6081,4564,1517
2445,10883,6199,4684
2446,14293,5839,8454
2451,7274,4282,2992
2452,4392,2428,1964
2453,11491,5851,5640
2458,5024,2822,2202
2459,6187,4518,1669
2460,3817,2354,1463
2461,2403,1861,542
2462,625,360,265
2464,1230,646,584
2465,4168,2968,1200
2466,2721,1650,1071
2467,3412,2090,1322
2468,2002,1677,325
2472,14645,7416,7229
2474,11358,6702,4656
2476,7632,4204,3428
2478,9706,6512,3194
2481,4834,3866,968
2482,3780,2688,1092
2492,7118,5330,1788
2493,3702,3035,667
2494,3477,2470,1007
2532,5813,3883,1930
2534,373,276,97
2535,530,322,208
2536,7865,5567,2298
2537,2165,1687,478
2538,1114,787,327
2539,1585,962,623
2540,4323,2323,2000
2542,516,428,88
2543,349,185,164
2554,3701,2114,1587
2556,1333,963,370
2558,819,497,322
2559,1476,866,610
2563,4135,3001,1134
2568,4088,2408,1680
2571,4137,2735,1402
2575,197,125,72
2576,1226,875,351
2601,6933,3841,3092
2630,772,521,251
2631,4066,2814,1252
2632,4624,3177,1447
2633,2037,1226,811
2635,1486,1007,479
2638,1783,1184,599
2639,1557,892,665
2642,2383,1631,752
2644,1257,1005,252
2645,4039,2712,1327
2646,984,540,444
2647,33,20,13
2648,2657,2125,532
2649,5256,3638,1618
2650,459,246,213
2652,568,331,237
2653,3089,1786,1303
2655,1850,1274,576
2657,1842,457,1385
2659,564,360,204
2660,3359,2181,1178
2661,7,0,7
2664,4670,2681,1989
2666,353,189,164
2667,1289,741,548
2668,1211,981,230
2669,97,55,42
2670,812,380,432
2671,500,307,193
2672,85,64,21
2673,3661,2264,1397
2675,3186,2094,1092
2702,1377,1134,243
2703,16021,11035,4986
2713,31,21,10
2715,734,577,157
2717,1544,1279,265
2718,2350,1833,517
2719,6631,4288,2343
2720,13169,7958,5211
2721,11042,6849,4193
2723,6711,4191,2520
2724,7668,4602,3066
2725,996,817,179
2726,5961,4452,1509
2738,1990,1444,546
2739,2530,1773,757
2740,17779,10869,6910
2743,3760,2808,952
2744,4739,3048,1691
2745,9715,6610,3105
2746,6062,3795,2267
2747,6011,4655,1356
2748,4539,3192,1347
2760,9617,6613,3004
2762,3010,2039,971
2763,796,670,126
2764,1462,1136,326
2766,5861,4449,1412
2767,4041,3185,856
2769,3501,2870,631
2770,1512,1253,259
2771,4830,3879,951
2777,5949,4583,1366
2779,1848,1572,276
2780,19832,12815,7017
2790,5536,4232,1304
2804,1010,805,205
2806,6023,4746,1277
2807,473,251,222
2808,776,559,217
2809,8311,5664,2647
2812,420,371,49
2813,3161,2263,898
2814,2671,2110,561
2815,92,82,10
2816,11799,8643,3156
2817,1778,1461,317
2818,7414,5093,2321
2822,1956,1476,480
2825,1830,1458,372
2827,768,652,116
2828,2810,1976,834
2830,2609,1961,648
2831,1071,925,146
2832,1800,1300,500
2833,251,191,60
2835,2342,1618,724
2836,33,33,0
2837,1481,1046,435
2838,1401,900,501
2839,432,352,80
2840,11590,5764,5826
2842,6968,4684,2284
2852,9136,6532,2604
2857,3226,2416,810
2858,250,228,22
2859,2373,1814,559
2860,19020,11298,7722
2861,11064,7233,3831
2863,6722,4433,2289
2864,12185,9064,3121
2865,6840,4901,1939
2871,6766,4866,1900
2874,1805,1342,463
2875,110,86,24
2878,6065,4419,1646
2879,7480,5037,2443
2881,1147,832,315
2882,6163,3466,2697
2885,4717,3031,1686
2886,13064,8034,5030
2888,8635,5562,3073
2889,11393,7931,3462
2891,8881,5741,3140
2892,1477,1133,344
2893,12490,7712,4778
2894,194,145,49
2895,17771,10819,6952
2896,3875,2916,959
2898,609,529,80
2903,4249,996,3253
2904,13264,7350,5914
2905,8701,5781,2920
2906,12180,5193,6987
2907,8567,6340,2227
2908,13147,8299,4848
2909,14535,9373,5162
2910,8623,5618,3005
2911,6021,3754,2267
2914,9314,5853,3461
2915,7703,4751,2952
2916,3521,2263,1258
2917,4402,3055,1347
2919,11199,7769,3430
2920,14638,9363,5275
2921,3620,2993,627
3031,3584,3054,530
3032,1573,1305,268
3033,1346,1147,199
3034,1360,1113,247
3036,1212,1014,198
3037,1229,996,233
3038,12420,8886,3534
3042,2053,1488,565
3043,666,494,172
3044,1172,996,176
3045,5191,3904,1287
3047,383,289,94
3048,1306,885,421
3049,2436,2013,423
3051,8039,6288,1751
3052,2370,2036,334
3053,7555,6384,1171
3054,8883,7088,1795
3055,5225,3673,1552
3057,742,615,127
3060,12133,7094,5039
3062,10004,7005,2999
3063,6767,4310,2457
3064,5726,3790,1936
3070,1419,1156,263
3071,1343,1093,250
3076,3614,2995,619
3077,3481,2557,924
3079,10393,7609,2784
3082,416,311,105
3084,285,229,56
3086,1576,1155,421
3087,3579,3053,526
3101,1594,467,1127
3102,12844,7355,5489
3103,14268,8969,5299
3104,13384,7833,5551
3106,4140,3072,1068
3109,3431,2529,902
3110,6269,5134,1135
3215,119,73,46
3216,811,597,214
3217,1161,737,424
3218,388,318,70
3220,2811,2006,805
3221,702,509,193
3222,1993,1411,582
3223,1663,1073,590
3224,748,595,153
3225,1203,911,292
3226,197,128,69
3227,453,314,139
3229,2084,1560,524
3230,509,369,140
3233,103,69,34
3234,2305,1730,575
3235,3359,2232,1127
3237,572,433,139
3240,419,291,128
3241,347,247,100
3242,1588,1036,552
3243,388,278,110
3244,2593,1796,797
3246,9652,6335,3317
3251,584,325,259
3253,2688,1897,791
3254,1859,1357,502
3255,728,515,213
3256,393,293,100
3257,1721,1190,531
3259,87,60,27
3260,182,136,46
3261,1403,1023,380
3262,402,213,189
3263,1504,1069,435
3264,2933,1905,1028
3266,813,560,253
3268,391,294,97
3269,974,750,224
3273,89,74,15
3275,4569,3170,1399
3276,3050,2097,953
3278,1148,816,332
3279,338,235,103
3280,335,246,89
3281,2638,2150,488
3282,273,187,86
3284,143,110,33
3287,380,270,110
3290,1272,1037,235
3291,21,15,6
3301,12736,7337,5399
3303,5432,3786,1646
3304,2291,2044,247
3307,1610,1269,341
3431,9884,5717,4167
3440,1008,693,315
3441,123,72,51
3442,544,356,188
3443,227,178,49
3444,435,322,113
3445,198,158,40
3446,2189,1620,569
3447,795,572,223
3448,294,201,93
3449,700,486,214
3450,233,167,66
3451,1622,1079,543
3452,2113,1475,638
3455,1169,790,379
3456,286,226,60
3457,164,111,53
3458,2722,1828,894
3461,1514,1158,356
3462,699,499,200
3464,339,224,115
3465,816,557,259
3466,447,351,96
3467,579,448,131
3470,1787,1301,486
3561,2513,1607,906
3570,4660,2999,1661
3574,924,589,335
3576,1585,997,588
3579,158,109,49
3580,535,338,197
3581,1447,906,541
3582,1155,792,363
3583,406,290,116
3584,1380,940,440
3585,1226,833,393
3588,679,504,175
3590,526,320,206
3592,510,350,160
3595,278,184,94
3598,1193,806,387
3601,149,114,35
3602,860,606,254
3603,2150,1509,641
3605,350,255,95
3607,113,71,42
3608,1219,860,359
3609,348,208,140
3741,1221,876,345
3743,5834,3578,2256
3745,649,465,184
3748,2480,1680,800
3750,319,255,64
3751,184,128,56
3752,292,230,62
3753,858,650,208
3755,2504,1512,992
3765,139,100,39
3766,3759,2117,1642
3768,786,548,238
3770,115,91,24
3771,300,232,68
3773,3003,2070,933
3774,508,421,87
3777,355,243,112
3779,284,181,103
3780,179,135,44
3781,741,580,161
3782,1140,772,368
3784,1594,1021,573
3785,1368,805,563
3801,10226,5156,5070
3809,1465,1027,438
3810,216,168,48
3811,2326,1781,545
3812,362,228,134
3813,1119,747,372
3814,1438,1001,437
3815,161,137,24
3816,646,464,182
3817,268,160,108
3818,1327,869,458
3819,1387,1084,303
3820,12143,6971,5172
3824,4356,2659,1697
3825,2571,1968,603
3826,779,542,237
3827,925,743,182
3830,484,340,144
3832,150,110,40
3833,7460,5017,2443
3835,1857,1358,499
3836,609,416,193
3837,355,273,82
3838,415,265,150
3839,1304,938,366
3840,1211,920,291
3841,2286,1782,504
3842,6408,4020,2388
3844,719,555,164
3845,452,278,174
3846,371,231,140
3848,2132,1653,479
3849,597,418,179
3852,172,122,50
3853,265,182,83
3854,413,297,116
3855,805,630,175
3856,517,433,84
3857,3373,1955,1418
3858,1509,1183,326
3860,1686,938,748
3862,1660,1232,428
3864,822,579,243
3865,2873,2157,716
3867,9195,6177,3018
3868,2096,1409,687
3869,956,683,273
3870,2174,1458,716
3872,1115,832,283
3873,1706,1409,297
3874,3471,2217,1254
3875,184,136,48
3878,4685,3104,1581
3882,71,45,26
3883,100,68,32
3884,698,561,137
3885,2308,1766,542
3886,759,492,267
3887,1578,1154,424
3894,2576,1739,837
3897,29,16,13
3901,2309,1695,614
3902,830,598,232
3903,2314,1726,588
3904,3292,1950,1342
3905,782,559,223
3906,1609,1185,424
3907,668,346,322
3908,2418,1847,571
3909,4403,3129,1274
4001,857,620,237
4002,2366,1806,560
4003,197,92,105
4005,8981,5587,3394
4008,1043,760,283
4009,1929,1309,620
4010,496,339,157
4011,8158,5179,2979
4015,1345,974,371
4017,163,100,63
4019,46,39,7
4020,531,350,181
4021,1936,1571,365
4022,427,292,135
4024,208,162,46
4027,1838,1441,397
4029,614,445,169
4030,547,452,95
4032,3103,2202,901
4037,1317,899,418
4038,5586,4124,1462
4039,2471,1770,701
4040,909,654,255
4041,527,380,147
4042,1521,1142,379
4043,4219,2902,1317
4046,2977,2117,860
4047,625,437,188
4048,856,603,253
4049,1116,880,236
4050,86,60,26
4051,551,398,153
4055,1271,955,316
4061,969,756,213
4062,5543,4027,1516
4064,4264,2230,2034
4066,289,211,78
4068,570,420,150
4069,570,454,116
4071,1765,1366,399
4072,7642,5220,2422
4073,6378,4167,2211
4074,6424,4687,1737
4076,923,683,240
4079,1849,1213,636
4083,1851,1231,620
4084,2607,2031,576
4085,571,424,147
4086,3445,2508,937
4087,694,522,172
4088,588,430,158
4090,3987,2670,1317
4091,256,203,53
4092,6855,4298,2557
4093,1548,1156,392
4095,494,364,130
4096,3478,2367,1111
4097,1064,897,167
4101,9002,2652,6350
4102,7808,3574,4234
4103,12445,7185,5260
4105,3956,2841,1115
4106,10089,6066,4023
4107,3501,2606,895
4108,421,220,201
4110,468,386,82
4210,9799,5961,3838
4216,290,201,89
4217,1349,893,456
4219,596,429,167
4220,779,563,216
4221,601,432,169
4222,1232,993,239
4224,1223,880,343
4226,59,44,15
4228,254,198,56
4231,108,85,23
4236,1505,1189,316
4237,77,55,22
4238,391,301,90
4239,1973,1432,541
4240,15291,8713,6578
4250,1664,1084,580
4252,1950,1426,524
4253,848,612,236
4254,1074,660,414
4255,318,222,96
4256,1168,843,325
4257,1256,772,484
4258,801,649,152
4259,1108,844,264
4260,1772,1355,417
4261,186,125,61
4263,720,548,172
4265,341,239,102
4268,1985,1276,709
4270,2063,1520,543
4274,1843,1447,396
4275,210,173,37
4276,3001,1854,1147
4280,2189,1761,428
4281,1989,1261,728
4282,1757,1396,361
4284,458,325,133
4285,180,135,45
4287,982,775,207
4289,656,468,188
4290,527,379,148
4292,337,262,75
4294,1770,1217,553
4330,10794,6347,4447
4342,647,462,185
4344,1201,778,423
4345,4665,3148,1517
4346,909,591,318
4347,1146,610,536
4348,1124,816,308
4349,365,259,106
4350,1190,899,291
4351,952,717,235
4352,598,443,155
4353,865,625,240
4354,499,367,132
4355,916,709,207
4357,1290,905,385
4358,1444,1104,340
4360,209,153,56
4363,835,615,220
4364,2504,1740,764
4401,17179,9956,7223
4406,289,199,90
4408,69,42,27
4410,434,321,113
4411,511,362,149
4412,3879,2389,1490
4413,74,58,16
4414,655,428,227
4416,1965,1312,653
4417,120,88,32
4418,521,389,132
4419,1345,1027,318
4421,374,220,154
4422,435,343,92
4423,117,80,37
4424,337,234,103
4426,2097,1460,637
4427,951,706,245
4428,1133,814,319
4429,1701,1212,489
4430,797,576,221
4431,63,49,14
4434,385,289,96
4435,384,293,91
4438,418,317,101
4441,637,384,253
4442,227,144,83
4443,1071,735,336
4444,2989,2196,793
4448,603,404,199
4449,494,384,110
4450,471,331,140
4451,90,61,29
4453,370,267,103
4455,326,266,60
4456,784,605,179
4457,2849,2053,796
4459,339,232,107
4460,689,522,167
4461,1138,827,311
4462,2387,1613,774
4463,1170,770,400
4464,286,176,110
4468,4063,2517,1546
4471,227,172,55
4472,1344,962,382
4473,2698,1326,1372
4474,1405,1072,333
4475,164,123,41
4476,319,219,100
4478,139,78,61
4479,546,357,189
4487,372,275,97
4488,384,275,109
4490,111,82,29
4493,306,223,83
4495,122,93,29
4496,1378,1038,340
4497,147,110,37
4530,5027,3032,1995
4535,256,192,64
4537,878,638,240
4538,1204,691,513
4539,393,309,84
4541,7,7,0
4543,951,556,395
4544,281,193,88
4547,504,349,155
4548,429,280,149
4551,352,252,100
4553,737,511,226
4554,343,205,138
4555,675,461,214
4556,451,318,133
4558,213,146,67
4562,850,617,233
4563,539,380,159
4564,225,131,94
4568,238,153,85
4572,1987,1342,645
4573,167,128,39
4574,498,346,152
4576,337,216,121
4578,1793,1216,577
4579,1093,828,265
4605,4647,3096,1551
4606,489,346,143
4607,757,527,230
4609,2109,1136,973
4611,229,188,41
4612,121,92,29
4613,159,128,31
4614,954,583,371
4615,74,56,18
4616,372,248,124
4617,373,250,123
4619,1495,905,590
4622,540,340,200
4623,447,295,152
4624,98,51,47
4625,28,14,14
4626,233,180,53
4627,481,318,163
4628,283,216,67
4629,23,18,5
4630,692,471,221
4631,754,445,309
4634,746,507,239
4635,13,6,7
4640,915,597,318
4642,33,25,8
4643,379,271,108
4645,34,20,14
4646,41,21,20
4648,233,167,66
4649,607,409,198
4650,105,78,27
4652,897,493,404
4653,248,144,104
4654,1499,865,634
4655,321,229,92
4657,143,96,47
4658,541,349,192
4660,591,379,212
4662,262,151,111
4664,184,132,52
4666,502,361,141
4667,543,379,164
4668,661,461,200
4669,66,46,20
4671,215,165,50
4672,14,9,5
4673,66,42,24
4674,193,138,55
4675,122,73,49
4676,411,267,144
4677,121,88,33
4679,992,611,381
4680,467,324,143
4681,702,453,249
4683,5,2,3
4684,550,396,154
4685,143,97,46
4691,133,92,41
4693,426,274,152
4694,1062,743,319
4730,4238,2858,1380
4732,711,468,243
4733,91,62,29
4735,258,185,73
4736,4282,2900,1382
4739,420,271,149
4740,515,352,163
4742,1527,1036,491
4743,1971,1285,686
4745,484,354,130
4746,228,175,53
4747,543,377,166
4750,913,645,268
4756,1666,1039,627
4757,1126,824,302
4758,925,665,260
4759,76,50,26
4760,331,227,104
4762,214,152,62
4763,409,285,124
4764,30,22,8
4765,608,408,200
4766,162,116,46
4768,181,110,71
4769,3959,2448,1511
4772,379,272,107
4773,336,274,62
4774,375,257,118
4776,371,295,76
4777,200,146,54
4779,73,49,24
4780,188,139,49
4781,210,163,47
4783,288,204,84
4785,1248,808,440
4786,712,500,212
4787,233,169,64
4841,3475,1985,1490
4843,2386,1424,962
4847,512,381,131
4848,278,165,113
4849,1416,1002,414
4851,26,12,14
4852,46,19,27
4853,161,113,48
4854,700,460,240
4856,1388,939,449
4857,241,173,68
4858,585,416,169
4859,249,209,40
4860,633,373,260
4861,1421,882,539
4862,1345,986,359
4863,557,348,209
4864,1354,982,372
4901,10698,6494,4204
4910,710,541,169
4911,751,493,258
4912,361,250,111
4915,3541,2259,1282
4917,1186,879,307
4920,733,493,240
4921,614,400,214
4922,426,323,103
4923,207,157,50
4924,776,570,206
4925,46,30,16
4927,1285,964,321
4928,846,624,222
4929,319,222,97
4930,1783,1244,539
4932,417,313,104
4936,95,58,37
4937,2568,1782,786
4938,3525,2098,1427
4939,377,272,105
4941,604,434,170
4942,414,320,94
4943,696,484,212
4945,447,283,164
4947,769,495,274
4949,409,291,118
4950,1887,1267,620
4951,344,237,107
4952,663,497,166
4953,1271,851,420
4954,115,83,32
4955,529,364,165
4956,291,210,81
4957,1575,1175,400
4958,838,579,259
4961,343,229,114
4962,450,287,163
4963,2745,1949,796
4964,81,59,22
4965,775,549,226
4966,619,436,183
4967,1627,1150,477
4969,474,351,123
4970,565,364,201
4971,723,531,192
4973,475,322,153
4974,1153,751,402
4976,4184,2715,1469
4978,372,287,85
4979,399,257,142
4981,888,630,258
4982,259,147,112
4983,695,483,212
4984,223,162,61
4985,52,33,19
4986,548,394,154
4987,362,276,86
4988,705,407,298
4989,1029,785,244
5001,3939,2492,1447
5031,46,29,17
5032,1073,742,331
5033,1088,740,348
5034,119,76,43
5035,287,184,103
5036,407,307,100
5037,168,114,54
5038,517,339,178
5039,406,321,85
5040,167,132,35
5041,77,66,11
5042,234,178,56
5043,247,162,85
5045,653,457,196
5046,444,333,111
5048,741,512,229
5051,245,147,98
5052,86,70,16
5053,91,71,20
5054,82,66,16
5055,1348,942,406
5056,144,103,41
5058,36,27,9
5059,329,181,148
5060,1883,1224,659
5061,398,270,128
5062,300,203,97
5065,465,314,151
5067,84,60,24
5068,1300,757,543
5069,265,197,68
5070,178,130,48
5071,198,135,63
5072,199,144,55
5073,119,88,31
5074,49,46,3
5075,597,419,178
5076,201,142,59
5077,506,355,151
5079,254,169,85
5081,350,240,110
5083,87,55,32
5084,41,30,11
5085,80,65,15
5086,297,233,64
5088,316,203,113
5089,2310,1496,814
5091,1433,902,531
5101,2053,1325,728
5142,323,239,84
5143,1969,1331,638
5146,276,183,93
5148,326,213,113
5149,1161,719,442
5150,303,193,110
5151,513,373,140
5152,234,172,62
5153,342,221,121
5154,142,88,54
5155,459,282,177
5156,3888,2543,1345
5158,345,235,110
5161,268,158,110
5201,6348,4095,2253
5250,1376,955,421
5251,773,537,236
5252,144,87,57
5253,250,176,74
5254,118,66,52
5255,1694,1096,598
5257,832,573,259
5260,89,83,6
5261,958,677,281
5262,969,700,269
5301,7130,4079,3051
5340,298,202,96
5341,260,172,88
5342,229,165,64
5343,394,234,160
5344,37,25,12
5345,711,487,224
5346,2010,1342,668
5350,318,214,104
5351,57,42,15
5352,313,251,62
5353,419,292,127
5354,725,567,158
5355,278,179,99
5356,360,203,157
5358,57,39,18
5359,167,110,57
5360,110,73,37
5361,341,241,100
5362,132,91,41
5363,1001,618,383
5401,15891,7129,8762
5403,6306,3748,2558
5404,2933,1509,1424
5440,796,530,266
5441,167,134,33
5442,112,68,44
5443,2408,1719,689
5444,524,412,112
5445,1262,1024,238
5446,6221,4260,1961
5448,525,393,132
5450,1851,1316,535
5452,6974,5051,1923
5454,1324,1031,293
5455,363,279,84
5456,474,345,129
5457,548,437,111
5458,788,581,207
5459,667,510,157
5461,1627,1217,410
5462,717,531,186
5463,217,155,62
5464,976,676,300
5465,1891,1508,383
5468,3977,3121,856
5471,277,189,88
5472,619,461,158
5473,495,366,129
5474,332,237,95
5476,1242,884,358
5477,1705,1257,448
5478,5755,3959,1796
5482,2661,1883,778
5483,466,371,95
5486,643,458,185
5487,548,404,144
5488,2720,1984,736
5489,1129,914,215
5491,2206,1620,586
5492,274,195,79
5494,636,492,144
5495,3183,2318,865
5602,5421,3193,2228
5640,19,10,9
5641,7281,4552,2729
5647,323,232,91
5648,177,125,52
5649,97,78,19
5650,365,237,128
5651,539,407,132
5652,245,185,60
5653,169,136,33
5654,474,332,142
5655,1122,759,363
5656,1185,680,505
5657,29,24,5
5658,579,392,187
5660,485,328,157
5661,2224,1401,823
5663,1978,1385,593
5664,139,100,39
5666,25,19,6
5667,947,620,327
5669,171,126,45
5672,1897,1128,769
5673,1054,667,387
5674,741,432,309
5675,359,263,96
5676,1949,1244,705
5677,730,551,179
5678,35,35,0
5679,1137,840,297
5680,741,556,185
5681,116,77,39
5682,455,329,126
5701,9408,5652,3756
5730,136,99,37
5732,280,134,146
5733,2278,1564,714
5734,471,360,111
5735,1466,1035,431
5736,146,98,48
5737,264,197,67
5738,455,341,114
5739,509,362,147
5742,204,152,52
5743,1754,1196,558
5744,249,174,75
5746,28,23,5
5747,114,95,19
5748,154,106,48
5750,37,24,13
5751,506,281,225
5753,3397,2097,1300
5757,355,249,106
5758,321,221,100
5759,852,579,273
5760,430,337,93
5761,429,292,137
5762,188,124,64
5763,1145,792,353
5764,1306,870,436
5765,781,540,241
5766,232,165,67
5767,513,335,178
5769,432,303,129
5770,396,294,102
5772,233,155,78
5773,926,666,260
5774,438,296,142
5775,266,172,94
5776,66,53,13
5777,1415,994,421
5778,278,208,70
5819,3842,2442,1400
5820,130,88,42
5821,580,388,192
5822,710,484,226
5824,292,186,106
5825,50,35,15
5826,342,251,91
5827,102,68,34
5828,787,563,224
5829,741,534,207
5830,592,422,170
5832,354,249,105
5833,67,44,23
5836,458,337,121
5837,113,87,26
5839,305,220,85
5840,31,31,0
5841,171,102,69
5842,149,117,32
5843,1012,698,314
5845,412,334,78
5846,541,364,177
5847,271,197,74
5851,2375,1594,781
5853,207,147,60
5855,3204,2040,1164
5857,566,411,155
5858,151,115,36
5859,707,491,216
5860,983,687,296
5866,257,190,67
5867,313,242,71
5868,46,38,8
5871,613,436,177
5872,273,207,66
5873,220,160,60
5874,194,139,55
5875,234,146,88
5902,93,61,32
5903,409,309,100
5904,172,112,60
5905,318,227,91
5906,419,304,115
5907,58,19,39
6001,6323,4509,1814
6002,7914,5152,2762
6010,24939,16230,8709
6013,2859,2444,415
6016,2041,1396,645
6018,1131,738,393
6019,1677,1089,588
6020,130,113,17
6021,108,72,36
6022,1699,1286,413
6023,496,400,96
6024,215,138,77
6026,1858,1351,507
6027,503,430,73
6029,5170,3454,1716
6031,686,458,228
6032,6657,4278,2379
6033,10495,7691,2804
6035,2765,2089,676
6037,6291,4769,1522
6039,960,563,397
6040,23189,14152,9037
6043,1901,1438,463
6051,11635,6677,4958
6052,3242,1996,1246
6053,13727,8443,5284
6057,1910,1474,436
6058,710,485,225
6059,387,284,103
6060,762,682,80
6062,7339,4665,2674
6063,259,200,59
6065,73,58,15
6066,12301,7354,4947
6067,7555,4501,3054
6068,554,349,205
6069,1146,717,429
6070,5356,4081,1275
6071,2935,2331,604
6073,1752,1344,408
6074,8935,6808,2127
6076,4633,3277,1356
6078,3503,2462,1041
6081,590,376,214
6082,16384,11417,4967
6084,4583,3779,804
6085,2637,1933,704
6088,2039,1151,888
6089,1224,899,325
6090,267,210,57
6091,213,167,46
6092,1365,1236,129
6093,1142,900,242
6095,10582,7650,2932
6096,4936,3325,1611
6098,5698,3955,1743
6103,363,88,275
6105,9806,4069,5737
6106,13976,8705,5271
6107,7458,5229,2229
6108,9295,5740,3555
6109,11210,7420,3790
6110,4942,3196,1746
6111,11999,8266,3733
6112,7741,5617,2124
6114,9303,6293,3010
6117,5378,3841,1537
6118,10929,7174,3755
6119,6590,3602,2988
6120,4071,2832,1239
6226,6521,3809,2712
6231,1188,978,210
6232,1140,862,278
6234,1710,1361,349
6235,216,140,76
6237,1874,1465,409
6238,4292,3266,1026
6239,4951,3288,1663
6241,2560,1714,846
6242,508,372,136
6247,872,658,214
6248,1796,1482,314
6249,2456,1954,502
6250,1769,1182,587
6254,680,522,158
6255,1937,1377,560
6256,1320,943,377
6259,1528,1141,387
6260,3637,2273,1364
6262,191,132,59
6264,60,33,27
6266,137,122,15
6268,3293,1886,1407
6269,64,38,26
6277,1379,1004,375
6278,1601,1119,482
6279,2352,1439,913
6280,1287,847,440
6281,2276,1689,587
6282,499,375,124
6320,10193,5423,4770
6330,1397,1021,376
6331,1731,1353,378
6333,2062,1702,360
6334,856,656,200
6335,2493,1948,545
6336,19,11,8
6339,2796,2177,619
6340,12219,7769,4450
6351,4449,3152,1297
6354,2121,1499,622
6355,4915,3347,1568
6357,4250,2837,1413
6359,1827,1421,406
6360,15716,9841,5875
6365,504,370,134
6370,2364,1860,504
6371,3816,2788,1028
6373,101,70,31
6374,3132,2317,815
6375,1138,818,320
6376,22,15,7
6377,894,682,212
6378,2408,1572,836
6379,3630,2358,1272
6380,1266,758,508
6382,4047,2822,1225
6384,1514,1116,398
6385,6402,4406,1996
6390,135,67,68
6401,7520,5023,2497
6403,2032,1446,586
6405,12558,7750,4808
6409,253,132,121
6410,9275,7260,2015
6412,1501,997,504
6413,5101,3570,1531
6415,5465,4211,1254
6416,5205,3226,1979
6417,1824,1275,549
6418,5258,3261,1997
6419,2199,1774,425
6420,1345,1077,268
6422,2283,1889,394
6423,1698,1265,433
6424,4170,3040,1130
6426,1425,813,612
6430,11351,8373,2978
6432,7468,5347,2121
6437,8136,6044,2092
6438,748,570,178
6441,1806,1455,351
6442,1117,807,310
6443,6528,5118,1410
6447,2026,1629,397
6450,13705,8897,4808
6451,9253,6190,3063
6455,1122,814,308
6457,18542,10453,8089
6460,20909,14093,6816
6468,6476,5377,1099
6469,1199,784,415
6470,4897,3930,967
6471,3003,2164,839
6472,2161,1752,409
6473,8680,6560,2120
6475,4197,2929,1268
6477,4751,3912,839
6478,3342,2778,564
6479,3793,2851,942
6480,3484,2521,963
6481,519,377,142
6482,3416,2884,532
6483,6165,4277,1888
6484,14180,10557,3623
6488,7229,4874,2355
6489,11296,8465,2831
6490,1597,1164,433
6492,16744,11687,5057
6498,2635,1718,917
6504,0,0,0
6510,1195,283,912
6511,20424,9911,10513
6512,11625,7437,4188
6513,13490,8674,4816
6514,9862,6353,3509
6515,6315,3806,2509
6516,21105,13158,7947
6517,6181,3684,2497
6518,6307,3971,2336
6519,5331,3612,1719
6524,1755,1459,296
6525,3113,2633,480
6604,10732,6450,4282
6605,8646,5340,3306
6606,15646,10842,4804
6607,2688,1891,797
6608,4143,3162,981
6610,8442,5349,3093
6611,11957,9759,2198
6612,2463,2079,384
6614,12951,9130,3821
6615,6938,4549,2389
6702,1757,635,1122
6704,9996,6681,3315
6705,10329,6287,4042
6706,5234,3639,1595
6708,11590,7392,4198
6710,3738,2353,1385
6712,3010,2446,564
6716,5404,4238,1166
6750,587,351,236
6751,1311,1018,293
6752,703,523,180
6754,528,348,180
6755,382,319,63
6756,1033,792,241
6757,905,566,339
6759,2332,1633,699
6762,2606,1937,669
6763,850,586,264
6770,11693,8203,3490
6776,9570,6928,2642
6777,798,544,254
6778,19,13,6
6779,3154,2273,881
6782,737,572,165
6783,826,606,220
6784,1500,1134,366
6785,231,159,72
6786,3712,2654,1058
6787,3373,2448,925
6790,14773,9169,5604
6791,1958,1550,408
6793,503,337,166
6794,394,274,120
6795,4905,3752,1153
6796,382,267,115
6798,3715,2577,1138
6801,6500,4853,1647
6804,5722,4515,1207
6807,2633,1943,690
6810,16324,10253,6071
6811,10760,7809,2951
6812,4651,3912,739
6820,6624,5409,1215
6830,10000,6212,3788
6831,5404,4109,1295
6840,6809,5234,1575
6850,6858,4406,2452
6851,10512,6830,3682
6853,1454,980,474
6854,10656,6931,3725
6855,3217,1962,1255
6870,2691,2019,672
6877,8449,6638,1811
6878,2601,2087,514
6880,9577,7182,2395
6883,3327,2836,491
6896,2924,2416,508
6897,5898,4858,1040
6901,3312,1171,2141
6902,22248,14315,7933
6903,4861,4222,639
6905,8205,5003,3202
6906,3090,1947,1143
6907,3668,2521,1147
7001,4587,3408,1179
7002,25581,16237,9344
7003,19022,12174,6848
7004,2303,1988,315
7005,5531,4004,1527
7006,9403,6822,2581
7008,7057,5294,1763
7009,4392,3222,1170
7010,10014,6014,4000
7011,13161,9076,4085
7012,5479,3288,2191
7013,9776,6834,2942
7014,1695,1105,590
7016,8401,6366,2035
7017,14734,9022,5712
7018,11341,7146,4195
7020,3834,2010,1824
7021,731,603,128
7022,4868,3217,1651
7023,2564,2044,520
7024,16533,9460,7073
7026,11240,7446,3794
7027,1724,1121,603
7028,2529,2042,487
7029,5893,4343,1550
7030,19462,6986,12476
7031,6405,4154,2251
7032,13561,9982,3579
7033,2871,2114,757
7034,3726,2444,1282
7035,4038,2700,1338
7036,15713,10511,5202
7039,9230,7932,1298
7040,8434,6368,2066
7041,2733,1923,810
7042,10700,6566,4134
7043,4255,3233,1022
7044,5819,3829,1990
7045,3778,2970,808
7046,1343,1214,129
7047,21247,14289,6958
7050,11891,7713,4178
7052,16466,11740,4726
7054,10865,7170,3695
7055,19497,14593,4904
7057,4747,3054,1693
7058,1913,1504,409
7059,4621,3917,704
7060,16217,11284,4933
7062,4534,3454,1080
7063,3715,3048,667
7064,1324,1031,293
7065,10028,6735,3293
7066,5648,4144,1504
7067,6305,5195,1110
7068,2126,1498,628
7070,7052,4710,2342
7071,7906,5254,2652
7072,2388,1603,785
7073,3633,2135,1498
7074,1046,723,323
7075,3031,2184,847
7076,7228,5388,1840
7077,1041,767,274
7078,4279,3692,587
7079,5549,3822,1727
7080,7140,5862,1278
7081,6120,4043,2077
7082,1529,1294,235
7083,18114,13323,4791
7087,28909,19313,9596
7088,1277,842,435
7090,11749,9097,2652
7092,2436,1935,501
7093,21228,13715,7513
7094,6200,3915,2285
7095,8053,5491,2562
7102,4677,2023,2654
7103,10056,6756,3300
7104,16512,11101,5411
7105,15338,11449,3889
7106,11277,8212,3065
7107,12084,8536,3548
7108,8609,5886,2723
7109,13690,9092,4598
7110,10881,7357,3524
7111,21989,14460,7529
7112,9527,6653,2874
7114,3248,1909,1339
7201,8332,6085,2247
7202,13412,8980,4432
7203,7521,5272,2249
7204,5119,3476,1643
7205,7138,5567,1571
7206,6918,5492,1426
7208,11865,7888,3977
7302,14227,6698,7529
7304,14500,9826,4674
7305,20171,14506,5665
7306,20389,12573,7816
7307,16129,11077,5052
7310,3201,1434,1767
7401,2105,1783,322
7403,2824,2116,708
7405,5917,4715,1202
7407,7096,5129,1967
7410,11824,8899,2925
7416,2119,1517,602
7417,3294,2952,342
7418,840,770,70
7419,2685,1935,750
7420,1581,1239,342
7421,2721,2098,623
7422,2422,1927,495
7423,1429,1192,237
7424,9087,5894,3193
7428,34,7,27
7430,9355,6315,3040
7432,2630,1911,719
7435,759,591,168
7436,4263,3590,673
7438,4222,3363,859
7439,887,717,170
7440,1699,1361,338
7442,3938,2810,1128
7444,3324,2510,814
7446,5323,3968,1355
7450,8582,6825,1757
7452,3966,3315,651
7456,4091,3418,673
7457,927,670,257
7458,3638,3207,431
7460,1254,1030,224
7461,6122,4951,1171
7462,2595,1778,817
7463,3423,2694,729
7465,1869,1443,426
7470,18760,14381,4379
7480,5525,4393,1132
7481,5538,4656,882
7501,10299,7073,3226
7502,4374,3407,967
7503,6030,4372,1658
7504,3697,2999,698
7505,752,497,255
7506,7248,4937,2311
7508,7255,5501,1754
7512,3528,2644,884
7513,3415,3010,405
7514,6109,4362,1747
7522,6340,5036,1304
7524,3744,3054,690
7601,18114,9625,8489
7603,2871,2175,696
7604,4527,3154,1373
7605,3249,2414,835
7606,786,585,201
7607,3711,2651,1060
7608,8,3,5
7620,509,450,59
7621,8984,6756,2228
7624,2983,2548,435
7626,2663,2195,468
7627,1603,1393,210
7628,6354,4794,1560
7630,2390,2003,387
7631,9291,6505,2786
7632,1812,1547,265
7640,1553,1352,201
7641,1133,968,165
7642,3487,2838,649
7643,4355,2786,1569
7644,9518,6086,3432
7645,2518,2064,454
7646,6355,4307,2048
7647,1656,1298,358
7648,1848,1584,264
7649,2809,2333,476
7650,6238,4467,1771
7652,8076,6804,1272
7656,3181,2413,768
7657,4024,2939,1085
7660,5020,3209,1811
7661,4185,3128,1057
7662,2055,1376,679
7663,5073,3588,1485
7666,13416,10193,3223
7670,4781,3881,900
7675,14592,11412,3180
7701,9633,5670,3963
7702,1209,1020,189
7703,56,56,0
7704,1997,1651,346
7711,708,500,208
7712,16044,9947,6097
7716,3559,2351,1208
7717,1066,531,535
7718,2125,1755,370
7719,8906,5473,3433
7720,2290,1044,1246
7721,911,667,244
7722,3534,3225,309
7723,614,449,165
7724,9271,5927,3344
7726,13180,10912,2268
7727,2085,1611,474
7728,17772,13258,4514
7730,6346,5073,1273
7731,11892,10032,1860
7732,2482,1235,1247
7733,4832,4262,570
7734,4932,3408,1524
7735,7529,5204,2325
7737,1507,1204,303
7738,2122,1724,398
7739,2238,1820,418
7740,12725,7421,5304
7746,5417,4807,610
7747,10928,8025,2903
7748,9813,8033,1780
7750,1632,971,661
7751,5272,4737,535
7753,12302,8354,3948
7755,2326,1873,453
7756,2321,793,1528
7757,2037,1561,476
7758,1545,1189,356
7760,3633,2560,1073
7762,4226,2483,1743
7764,2450,1835,615
7801,7585,5646,1939
7803,1364,1031,333
7821,3143,2552,591
7822,298,242,56
7823,2926,1996,930
7825,3322,2601,721
7826,2119,1564,555
7827,1450,1044,406
7828,4930,3372,1558
7830,2312,1922,390
7832,1243,1035,208
7833,53,43,10
7834,6493,4712,1781
7836,4449,3348,1101
7838,1044,835,209
7840,10286,6907,3379
7842,24,24,0
7843,4436,3354,1082
7846,18,16,2
7847,544,417,127
7848,1349,1112,237
7849,2606,1870,736
7850,2368,1909,459
7851,111,83,28
7852,1108,707,401
7853,4291,3736,555
7856,1476,960,516
7857,1412,802,610
7860,9439,6827,2612
7863,1398,1049,349
7865,697,557,140
7866,8105,6207,1898
7869,8574,6741,1833
7871,6614,5369,1245
7874,3318,2518,800
7876,3563,3025,538
7878,287,230,57
7882,5405,3862,1543
7885,3908,2757,1151
7901,8570,6100,2470
7920,9286,6477,2809
7921,4030,1956,2074
7922,4128,3442,686
7924,2708,2075,633
7927,1138,858,280
7928,6946,5073,1873
7930,2615,2157,458
7931,999,773,226
7932,3209,2464,745
7933,1189,901,288
7934,592,466,126
7935,147,111,36
7936,3847,3224,623
7940,5528,3822,1706
7945,3135,2565,570
7946,1014,836,178
7950,6583,4780,1803
7960,16241,10585,5656
7970,99,86,13
7974,4068,3173,895
7976,273,236,37
7977,241,171,70
7979,145,137,8
7980,937,740,197
7981,3148,2359,789
8001,128,88,40
8002,8227,5541,2686
8003,10699,8708,1991
8004,5131,3971,1160
8005,6069,4602,1467
8006,371,227,144
8007,2265,1407,858
8008,3772,2317,1455
8009,4224,3203,1021
8010,4107,2788,1319
8011,22,22,0
8012,14466,10264,4202
8014,248,170,78
8015,7491,5602,1889
8016,11272,8075,3197
8019,325,228,97
8020,813,657,156
8021,18431,11630,6801
8022,2233,1698,535
8023,122,69,53
8026,833,680,153
8027,1883,1439,444
8028,6632,4422,2210
8029,1954,1330,624
8030,5023,3373,1650
8031,4619,3241,1378
8032,132,119,13
8033,6702,4593,2109
8034,7223,5093,2130
8035,3039,2054,985
8036,78,57,21
8037,7798,5782,2016
8038,115,90,25
8039,65,41,24
8041,290,225,65
8042,68,68,0
8043,10505,7204,3301
8045,1023,717,306
8046,10747,8876,1871
8048,314,176,138
8049,2043,1443,600
8050,7818,6028,1790
8051,4247,2767,1480
8052,8434,4713,3721
8053,15128,10856,4272
8054,16581,11113,5468
8055,9714,7818,1896
8056,865,743,122
8057,7104,5406,1698
8059,2180,1432,748
8060,13268,9538,3730
8061,224,144,80
8062,3504,2825,679
8063,1159,904,255
8064,28,28,0
8065,3007,1861,1146
8066,3447,2141,1306
8067,588,471,117
8068,2456,1653,803
8069,4867,3284,1583
8070,5351,3747,1604
8071,3685,2610,1075
8072,84,64,20
8073,95,86,9
8074,19,19,0
8075,9895,7152,2743
8077,6118,4917,1201
8078,3317,2209,1108
8079,4666,3206,1460
8080,11758,9948,1810
8081,14073,11510,2563
8083,3748,2701,1047
8084,2743,1926,817
8085,3552,2853,699
8086,2227,1468,759
8087,7854,5551,2303
8088,9198,7021,2177
8089,1283,977,306
8090,3018,2379,639
8091,1882,1370,512
8092,1183,797,386
8093,4059,2561,1498
8094,11707,8903,2804
8095,44,35,9
8096,12350,8547,3803
8097,1125,917,208
8098,2971,2193,778
8102,2594,1710,884
8103,4519,3156,1363
8104,8236,5941,2295
8105,9224,7109,2115
8106,4179,2722,1457
8107,5576,3286,2290
8108,7894,4784,3110
8109,8460,5849,2611
8110,5132,4037,1095
8201,12024,8603,3421
8202,1077,699,378
8203,5473,3334,2139
8204,7782,5211,2571
8210,4989,3796,1193
8212,121,71,50
8215,4510,3228,1282
8217,67,32,35
8221,2668,1984,684
8223,1592,1241,351
8224,203,159,44
8225,2835,2124,711
8226,7479,4022,3457
8230,1924,1545,379
8232,6042,4151,1891
8234,10906,7940,2966
8241,356,280,76
8242,1232,755,477
8243,1335,767,568
8244,4924,2943,1981
8245,35,17,18
8247,633,361,272
8248,106,60,46
8251,4099,2727,1372
8252,375,227,148
8260,6908,4061,2847
8270,2675,2065,610
8302,13574,9931,3643
8310,790,484,306
8311,636,496,140
8312,2432,1870,562
8313,67,67,0
8314,130,99,31
8316,109,82,27
8317,372,289,83
8318,4205,3333,872
8319,421,350,71
8321,101,62,39
8322,3134,2557,577
8323,335,259,76
8324,162,142,20
8326,452,304,148
8327,350,247,103
8328,514,390,124
8329,57,24,33
8330,7679,5455,2224
8332,12587,8877,3710
8340,281,208,73
8341,821,513,308
8343,1550,1243,307
8344,2048,1586,462
8345,342,240,102
8346,200,153,47
8348,152,125,27
8349,905,701,204
8350,308,239,69
8352,268,200,68
8353,167,145,22
8360,14215,10017,4198
8361,5671,4243,1428
8401,15886,8821,7065
8402,3979,2322,1657
8403,588,338,250
8406,5493,3319,2174
8501,1771,1447,324
8502,5910,5331,579
8505,6050,4151,1899
8510,698,609,89
8511,449,298,151
8512,3745,2608,1137
8514,1068,879,189
8515,110,89,21
8518,1946,1291,655
8520,9241,6560,2681
8525,1899,1426,473
8527,14063,11213,2850
8528,58,41,17
8530,2912,1733,1179
8533,2274,1814,460
8534,4129,3322,807
8535,536,520,16
8536,7718,4423,3295
8540,14735,10147,4588
8542,1440,670,770
8550,5519,4896,623
8551,1762,1527,235
8553,288,199,89
8554,1427,989,438
8555,324,255,69
8558,1745,1443,302
8559,1941,1509,432
8560,1316,1022,294
8561,114,84,30
8562,1754,1245,509
8608,431,156,275
8609,5006,3312,1694
8610,11864,7870,3994
8611,8644,5467,3177
8618,13632,8793,4839
8619,9281,6068,3213
8620,4520,3514,1006
8625,0,0,0
8628,3574,2225,1349
8629,4053,2772,1281
8638,8258,5595,2663
8640,823,711,112
8641,1633,1559,74
8648,10343,6874,3469
8690,6356,5167,1189
8691,4336,3074,1262
8701,19952,13601,6351
8720,250,220,30
8721,6168,4672,1496
8722,3402,2797,605
8723,12518,8758,3760
8724,16450,11670,4780
8730,1949,1425,524
8731,6933,5255,1678
8732,649,457,192
8733,7851,4736,3115
8734,2419,2024,395
8735,2150,1276,874
8736,5178,3630,1548
8738,676,416,260
8740,831,543,288
8741,936,696,240
8742,10568,6977,3591
8750,1657,1073,584
8751,2412,1188,1224
8752,1480,776,704
8753,23076,17167,5909
8755,8703,6475,2228
8757,17254,10240,7014
8758,2000,1406,594
8759,10672,4686,5986
8801,2582,1976,606
8802,1312,1092,220
8804,728,550,178
8805,4331,3037,1294
8807,13208,10037,3171
8809,2070,1234,836
8810,2373,2013,360
8812,4369,3262,1107
8816,15992,12815,3177
8817,16287,11832,4455
8820,12777,10490,2287
8821,115,64,51
8822,10268,7620,2648
8823,3134,1951,1183
8824,3739,3232,507
8825,1678,1211,467
8826,2164,1526,638
8827,1425,1155,270
8828,743,495,248
8829,1434,1060,374
8830,5869,4460,1409
8831,14840,9964,4876
8832,1104,785,319
8833,2908,2376,532
8835,4102,2806,1296
8836,1348,1156,192
8837,6039,3674,2365
8840,5965,4366,1599
8846,5057,3760,1297
8848,3099,2505,594
8850,3091,2364,727
8852,5321,3571,1750
8853,3972,3392,580
8854,16508,12456,4052
8857,12953,9637,3316
8858,80,63,17
8859,7310,5491,1819
8861,15421,11463,3958
8863,4414,3119,1295
8865,11273,7750,3523
8867,1505,1245,260
8869,2586,1711,875
8872,6877,5073,1804
8873,15343,10442,4901
8876,15914,10918,4996
8879,8217,5763,2454
8880,1632,1108,524
8882,5628,3982,1646
8884,3114,2193,921
8886,1585,1384,201
8887,545,253,292
8889,3485,2782,703
8901,13063,7359,5704
8902,13901,9592,4309
8904,5905,3424,2481
10001,8772,2711,6061
10002,31647,18859,12788
10003,29743,7504,22239
10004,574,221,353
10005,612,119,493
10006,793,230,563
10007,1283,563,720
10009,29084,11823,17261
10010,15379,4819,10560
10011,28708,6704,22004
10012,13705,4501,9204
10013,10095,5447,4648
10014,20542,4763,15779
10016,30871,7973,22898
10017,11101,2742,8359
10018,2205,626,1579
10019,22309,5984,16325
10020,0,0,0
10021,61898,20928,40970
10022,19615,6274,13341
10023,37215,11604,25611
10024,33688,12623,21065
10025,46634,19247,27387
10026,12233,6812,5421
10027,21789,10798,10991
10028,26171,9188,16983
10029,27623,17413,10210
10030,10982,5853,5129
10031,20973,12996,7977
10032,20636,13451,7185
10033,19366,12954,6412
10034,15288,9856,5432
10035,11237,6586,4651
10036,10844,2480,8364
10037,8545,3836,4709
10038,6602,3010,3592
10039,8870,5297,3573
10040,16225,10759,5466
10041,0,0,0
10044,3214,1840,1374
10048,0,0,0
10069,961,422,539
10103,0,0,0
10111,0,0,0
10112,0,0,0
10115,0,0,0
10119,0,0,0
10128,32769,12049,20720
10152,0,0,0
10153,0,0,0
10154,0,0,0
10162,966,480,486
10165,6,6,0
10167,0,0,0
10169,0,0,0
10170,0,0,0
10171,0,0,0
10172,0,0,0
10173,0,0,0
10177,0,0,0
10271,0,0,0
10278,0,0,0
10279,0,0,0
10280,3757,1613,2144
10282,764,317,447
10301,14359,8557,5802
10302,5549,3868,1681
10303,7394,5807,1587
10304,13312,9560,3752
10305,14162,9702,4460
10306,20700,14986,5714
10307,4063,3112,951
10308,9528,7473,2055
10309,8799,7013,1786
10310,8143,5713,2430
10312,20024,16183,3841
10314,30383,22693,7690
10451,14925,9702,5223
10452,22884,16976,5908
10453,24125,18113,6012
10454,11436,7725,3711
10455,11992,8679,3313
10456,25149,18062,7087
10457,22262,16182,6080
10458,25289,17576,7713
10459,12497,9000,3497
10460,18059,12610,5449
10461,20189,12189,8000
10462,28280,18313,9967
10463,27471,16143,11328
10464,2085,1144,941
10465,15981,11268,4713
10466,23622,16951,6671
10467,34760,22657,12103
10468,25724,18311,7413
10469,21462,15743,5719
10470,6529,3987,2542
10471,9769,5323,4446
10472,21824,15819,6005
10473,19422,14380,5042
10474,3400,2479,921
10475,16979,9855,7124
10501,235,208,27
10502,1630,1392,238
10503,59,40,19
10504,2315,2029,286
10506,1852,1579,273
10507,2076,1486,590
10509,6614,5008,1606
10510,3227,2629,598
10511,809,603,206
10512,8472,6364,2108
10514,3820,3408,412
10516,2153,1438,715
10518,549,486,63
10519,47,33,14
10520,4959,3264,1695
10522,3814,2578,1236
10523,2518,1871,647
10524,1462,1144,318
10526,565,455,110
10527,340,312,28
10528,4680,3398,1282
10530,5692,3558,2134
10532,1714,1376,338
10533,2788,2067,721
10535,150,85,65
10536,3441,2831,610
10537,753,556,197
10538,6375,4708,1667
10541,8626,7209,1417
10543,7301,5132,2169
10546,435,349,86
10547,2839,2177,662
10548,1411,1049,362
10549,5810,4018,1792
10550,13844,9202,4642
10552,8625,5107,3518
10553,3233,2510,723
10560,1686,1338,348
10562,10672,7231,3441
10566,8695,5402,3293
10567,5659,4770,889
10570,4221,3236,985
10573,12683,8948,3735
10576,1648,1380,268
10577,710,663,47
10578,238,194,44
10579,2752,2193,559
10580,5865,4488,1377
10583,13721,10873,2848
10588,678,567,111
10589,3372,2228,1144
10590,2537,2057,480
10591,8323,5414,2909
10594,1666,1371,295
10595,2032,1538,494
10597,110,83,27
10598,10271,8219,2052
10601,4060,1877,2183
10603,6831,4130,2701
10604,3892,2675,1217
10605,6895,4738,2157
10606,5351,3622,1729
10607,2530,2002,528
10701,22447,15330,7117
10703,7740,5144,2596
10704,11955,7693,4262
10705,13369,9344,4025
10706,3624,2522,1102
10707,3734,2554,1180
10708,9749,5763,3986
10709,3626,2536,1090
10710,10084,6928,3156
10801,12740,8399,4341
10803,4221,3246,975
10804,4861,4033,828
10805,7365,4176,3189
10901,8077,5698,2379
10913,1472,1277,195
10916,1276,1029,247
10917,582,482,100
10918,3741,2910,831
10919,179,138,41
10920,3002,2505,497
10921,1389,1067,322
10923,2891,2260,631
10924,4005,2865,1140
10925,1930,1235,695
10926,1226,892,334
10927,2799,2172,627
10928,2239,1388,851
10930,2383,2033,350
10931,215,177,38
10940,15444,10506,4938
10941,4720,3514,1206
10950,10675,8995,1680
10952,7928,6840,1088
10954,8083,6071,2012
10956,9902,8625,1277
10958,925,746,179
10960,6015,3452,2563
10962,1728,1406,322
10963,901,709,192
10964,460,357,103
10965,5300,3951,1349
10968,1112,590,522
10969,358,243,115
10970,3647,2571,1076
10973,637,495,142
10974,1059,843,216
10975,133,43,90
10976,578,254,324
10977,13656,11141,2515
10980,4299,3422,877
10983,2040,1671,369
10984,768,633,135
10985,17,17,0
10986,599,444,155
10987,1246,942,304
10989,3346,2449,897
10990,6564,4980,1584
10992,3039,2409,630
10993,1589,1107,482
10994,2179,1825,354
10996,984,929,55
10998,1177,942,235
11001,8910,6863,2047
11003,12280,9867,2413
11004,5703,3798,1905
11005,1582,569,1013
11010,8679,6723,1956
11020,1354,1178,176
11021,8565,5208,3357
11023,2982,2407,575
11024,2173,1841,332
11030,5827,4789,1038
11040,13337,10799,2538
11042,0,0,0
11050,10423,7799,2624
11096,2562,1893,669
11101,9781,5625,4156
11102,13769,8080,5689
11103,17509,10105,7404
11104,12379,6908,5471
11105,16982,10330,6652
11106,17723,9931,7792
11201,21551,9089,12462
11203,27849,20705,7144
11204,25902,18939,6963
11205,13180,7256,5924
11206,22501,15734,6767
11207,27631,20665,6966
11208,25905,20728,5177
11209,31571,17028,14543
11210,19859,14844,5015
11211,27879,17749,10130
11212,28512,20724,7788
11213,22652,15390,7262
11214,31493,21864,9629
11215,27469,13709,13760
11216,22024,12815,9209
11217,15726,7107,8619
11218,25584,17134,8450
11219,26610,19630,6980
11220,28564,21250,7314
11221,25322,17588,7734
11222,15915,8880,7035
11223,28178,20261,7917
11224,20226,12758,7468
11225,23452,16086,7366
11226,35767,25967,9800
11228,15808,10781,5027
11229,30333,21193,9140
11230,31485,21502,9983
11231,14904,7884,7020
11232,8371,5954,2417
11233,22463,14857,7606
11234,31174,23464,7710
11235,32182,19813,12369
11236,31693,24333,7360
11237,14007,11162,2845
11238,20889,10254,10635
11239,6375,3773,2602
11354,19811,13472,6339
11355,28717,20821,7896
11356,7074,5252,1822
11357,15364,10905,4459
11358,13875,9998,3877
11360,8874,5374,3500
11361,11172,7485,3687
11362,7040,4959,2081
11363,2653,1911,742
11364,13526,9616,3910
11365,16037,11310,4727
11366,4497,3510,987
11367,14592,10076,4516
11368,27585,21446,6139
11369,11069,8299,2770
11370,9745,7285,2460
11371,0,0,0
11372,24893,16290,8603
11373,33173,24328,8845
11374,19315,11181,8134
11375,33284,18079,15205
11377,31545,20632,10913
11378,13235,9073,4162
11379,11827,7798,4029
11385,34810,25052,9758
11411,6607,5479,1128
11412,11524,8717,2807
11413,12715,10300,2415
11414,11370,7872,3498
11415,8565,4717,3848
11416,7319,5780,1539
11417,9238,7134,2104
11418,11346,8579,2767
11419,13397,11461,1936
11420,13304,10935,2369
11421,12124,9199,2925
11422,9357,7380,1977
11423,9544,7369,2175
11426,6304,4692,1612
11427,7887,6030,1857
11428,5959,5034,925
11429,7759,6488,1271
11430,20,20,0
11432,18111,12614,5497
11433,9132,6632,2500
11434,19950,14060,5890
11435,17788,12590,5198
11436,5465,4262,1203
11501,7496,4988,2508
11507,2588,2184,404
11509,1061,819,242
11510,10857,8709,2148
11514,1862,1395,467
11516,2602,1903,699
11518,4244,2962,1282
11520,13597,10125,3472
11530,9072,7189,1883
11542,9827,7031,2796
11545,4067,3376,691
11547,264,194,70
11548,463,358,105
11550,16003,12028,3975
11552,7444,6077,1367
11553,6181,4967,1214
11554,12161,9770,2391
11557,2785,2240,545
11558,3010,2277,733
11559,2693,2098,595
11560,2491,1879,612
11561,16639,9353,7286
11563,8586,6162,2424
11565,3212,2641,571
11566,11807,10152,1655
11568,1003,869,134
11569,657,436,221
11570,10103,7229,2874
11572,10741,8729,2012
11575,4154,3478,676
11576,4201,3533,668
11577,4324,3396,928
11579,2036,1374,662
11580,12603,9833,2770
11581,7070,5693,1377
11590,12445,9968,2477
11596,3692,2941,751
11598,4287,3646,641
11691,18078,12277,5801
11692,5097,3753,1344
11693,4167,2797,1370
11694,7847,4648,3199
11697,1871,1206,665
11701,8764,5944,2820
11702,5400,4007,1393
11703,5669,4333,1336
11704,13150,10120,3030
11705,2773,2128,645
11706,18591,14230,4361
11709,2499,1878,621
11710,11590,9568,2022
11713,2756,2168,588
11714,7894,6199,1695
11715,1570,1188,382
11716,3519,2750,769
11717,12045,10539,1506
11718,1065,839,226
11719,1020,770,250
11720,8407,7224,1183
11721,2299,1794,505
11722,9523,7486,2037
11724,974,859,115
11725,9443,8233,1210
11726,5552,4226,1326
11727,9374,6768,2606
11729,9475,7385,2090
11730,5216,4285,931
11731,10346,8689,1657
11732,1570,1083,487
11733,5807,4752,1055
11735,10896,8352,2544
11738,5137,4437,700
11740,3442,2470,972
11741,9070,7475,1595
11742,4068,3182,886
11743,14774,11280,3494
11746,20244,16501,3743
11747,5296,4308,988
11751,5221,3998,1223
11752,3002,2540,462
11753,4018,3391,627
11754,6294,4907,1387
11755,3822,3188,634
11756,14084,11678,2406
11757,15202,11905,3297
11758,18122,15059,3063
11762,7980,6871,1109
11763,7491,6251,1240
11764,3583,3015,568
11765,239,187,52
11766,2837,2502,335
11767,4488,3802,686
11768,7794,6084,1710
11769,3646,2629,1017
11770,88,47,41
11771,3457,2540,917
11772,15167,10397,4770
11776,7406,5814,1592
11777,3366,2266,1100
11778,3990,2989,1001
11779,13052,10145,2907
11780,5111,3961,1150
11782,5283,4137,1146
11783,7354,5999,1355
11784,8332,6691,1641
11786,1875,1659,216
11787,11693,9521,2172
11788,5779,4571,1208
11789,2655,1988,667
11790,5253,3999,1254
11791,8125,7002,1123
11792,2404,1961,443
11793,11074,9106,1968
11795,8384,7187,1197
11796,1336,1006,330
11797,2845,2317,528
11798,3862,3228,634
11801,13187,10433,2754
11803,9260,7947,1313
11804,1706,1448,258
11901,8536,5611,2925
11930,556,313,243
11932,629,410,219
11933,2385,1544,841
11934,2167,1708,459
11935,1318,967,351
11937,5337,3375,1962
11939,327,235,92
11940,1457,1185,272
11941,884,623,261
11942,1567,1063,504
11944,1513,900,613
11946,5123,3322,1801
11947,87,74,13
11948,351,247,104
11949,4295,3081,1214
11950,4234,3743,491
11951,4068,3090,978
11952,1823,1391,432
11953,4619,3202,1417
11954,1594,1001,593
11955,1278,769,509
11956,161,86,75
11957,318,202,116
11958,221,134,87
11959,435,296,139
11960,329,237,92
11961,5193,3191,2002
11962,179,109,70
11963,2973,1762,1211
11964,549,329,220
11965,448,330,118
11967,7273,6073,1200
11968,4720,2934,1786
11970,125,77,48
11971,2383,1694,689
11972,277,192,85
11975,178,103,75
11976,771,492,279
11977,823,577,246
11978,1461,953,508
11980,1393,955,438
12008,187,164,23
12009,2974,2114,860
12010,11904,7529,4375
12015,1150,788,362
12017,119,80,39
12018,2857,2180,677
12019,5007,3879,1128
12020,10613,7617,2996
12022,303,220,83
12023,832,598,234
12025,2198,1582,616
12027,1367,1105,262
12028,366,298,68
12029,463,309,154
12031,55,41,14
12032,368,236,132
12033,3055,2234,821
12035,502,332,170
12036,90,65,25
12037,1668,1079,589
12041,13,7,6
12042,277,218,59
12043,2889,1757,1132
12045,275,218,57
12046,316,243,73
12047,7955,4550,3405
12051,1681,1017,664
12052,379,282,97
12053,1640,1319,321
12054,6515,4500,2015
12056,874,656,218
12057,631,509,122
12058,565,417,148
12059,669,484,185
12060,567,374,193
12061,3005,2139,866
12062,625,483,142
12063,59,47,12
12064,187,127,60
12065,15777,10575,5202
12066,713,528,185
12067,697,517,180
12068,1506,1089,417
12070,515,412,103
12071,111,80,31
12072,903,653,250
12074,1210,913,297
12075,1094,846,248
12076,515,376,139
12077,1987,1555,432
12078,9811,6264,3547
12083,1220,818,402
12084,2163,1052,1111
12086,623,437,186
12087,213,176,37
12090,2522,1719,803
12092,400,299,101
12093,575,400,175
12094,776,578,198
12095,4889,3198,1691
12106,948,629,319
12108,178,124,54
12110,7322,5233,2089
12115,89,72,17
12116,738,504,234
12117,1281,916,365
12118,4919,3108,1811
12120,228,163,65
12121,677,571,106
12122,1792,1184,608
12123,2056,1495,561
12125,621,388,233
12130,365,245,120
12131,102,70,32
12134,1101,773,328
12136,412,253,159
12137,508,391,117
12138,1412,1034,378
12139,131,95,36
12140,541,372,169
12143,2152,1460,692
12144,7606,4843,2763
12147,210,132,78
12148,1103,854,249
12149,776,520,256
12150,360,274,86
12151,284,178,106
12153,341,262,79
12154,969,740,229
12155,703,486,217
12156,321,245,76
12157,1476,1092,384
12158,2125,1554,571
12159,3124,2088,1036
12160,425,312,113
12164,217,128,89
12165,97,70,27
12166,552,428,124
12167,984,645,339
12168,837,597,240
12169,72,48,24
12170,1871,1493,378
12173,910,691,219
12175,307,219,88
12176,61,39,22
12180,20863,12100,8763
12182,5838,3630,2208
12183,1072,575,497
12184,2726,1976,750
12185,753,595,158
12186,2511,1984,527
12187,267,203,64
12188,4252,2880,1372
12189,7640,3979,3661
12190,328,200,128
12192,839,601,238
12193,843,608,235
12194,89,67,22
12196,1078,747,331
12197,986,658,328
12198,2757,1939,818
12202,4634,2190,2444
12203,12275,5816,6459
12204,3164,1634,1530
12205,10976,7212,3764
12206,6947,3497,3450
12207,1198,326,872
12208,9574,4208,5366
12209,4116,2438,1678
12210,4841,1736,3105
12211,3944,3029,915
12302,10684,7469,3215
12303,11321,7604,3717
12304,8354,5295,3059
12305,2542,548,1994
12306,10234,6801,3433
12307,2619,1483,1136
12308,5785,3256,2529
12309,11375,8144,3231
12401,14981,8850,6131
12404,1458,1107,351
12405,204,126,78
12406,445,245,200
12407,182,124,58
12409,284,152,132
12410,407,263,144
12411,149,114,35
12412,379,276,103
12413,1134,680,454
12414,4638,3122,1516
12416,29,19,10
12418,213,155,58
12419,119,74,45
12420,160,115,45
12421,369,214,155
12422,123,105,18
12423,455,293,162
12424,135,96,39
12427,184,102,82
12428,2535,1719,816
12429,7,7,0
12430,462,326,136
12431,518,403,115
12433,167,110,57
12434,280,185,95
12435,110,77,33
12439,50,25,25
12440,806,402,404
12442,246,120,126
12443,1555,1130,425
12444,183,130,53
12446,1963,1305,658
12448,108,62,46
12449,1197,833,364
12450,199,125,74
12451,617,414,203
12454,249,169,80
12455,855,546,309
12456,252,185,67
12457,493,285,208
12458,941,629,312
12459,81,56,25
12460,143,102,41
12461,788,514,274
12463,552,344,208
12464,496,295,201
12466,1180,808,372
12468,549,372,177
12469,348,222,126
12470,312,236,76
12471,76,32,44
12472,766,382,384
12473,289,154,135
12474,403,291,112
12477,7572,5165,2407
12480,357,221,136
12481,509,330,179
12482,186,109,77
12484,1069,750,319
12485,491,306,185
12486,591,435,156
12487,1436,893,543
12489,98,69,29
12491,674,445,229
12492,140,73,67
12493,200,101,99
12494,270,207,63
12495,74,46,28
12496,463,283,180
12498,2400,1377,1023
12501,976,667,309
12502,490,347,143
12503,301,214,87
12507,22,11,11
12508,6536,4243,2293
12513,410,233,177
12514,1052,771,281
12515,386,296,90
12516,690,480,210
12517,120,62,58
12518,2458,1711,747
12520,1129,805,324
12521,637,414,223
12522,2198,1524,674
12523,806,552,254
12524,5206,3353,1853
12525,1074,771,303
12526,1435,969,466
12528,4772,3191,1581
12529,1002,681,321
12531,976,715,261
12533,7168,5949,1219
12534,7475,4732,2743
12538,4846,3308,1538
12540,2286,1849,437
12542,2154,1578,576
12543,1063,790,273
12545,1857,1206,651
12546,1172,783,389
12547,835,542,293
12548,566,456,110
12549,2959,2309,650
12550,17617,12637,4980
12553,8416,6088,2328
12561,6110,3551,2559
12563,2183,1712,471
12564,2513,1794,719
12565,711,459,252
12566,3525,2675,850
12567,1163,816,347
12569,3389,2426,963
12570,1939,1645,294
12571,3231,2336,895
12572,3789,2324,1465
12575,701,564,137
12577,534,466,68
12578,804,654,150
12580,1473,1140,333
12581,888,606,282
12582,1404,1273,131
12583,953,600,353
12585,276,190,86
12586,4042,2999,1043
12589,4135,3108,1027
12590,12407,9120,3287
12592,411,268,143
12594,1225,880,345
12601,15286,9022,6264
12603,14990,10823,4167
12701,4492,2817,1675
12719,368,270,98
12720,80,50,30
12721,1963,1448,515
12723,774,610,164
12724,134,93,41
12725,105,61,44
12726,490,313,177
12727,6,4,2
12729,497,353,144
12732,379,265,114
12733,242,162,80
12734,267,138,129
12736,69,36,33
12737,589,420,169
12738,120,72,48
12739,247,142,105
12740,836,621,215
12741,110,77,33
12742,58,35,23
12743,129,86,43
12746,486,349,137
12747,536,357,179
12748,721,481,240
12749,122,47,75
12751,173,100,73
12752,59,45,14
12754,2853,1784,1069
12758,1680,1134,546
12759,611,460,151
12760,314,194,120
12762,133,89,44
12763,306,215,91
12764,696,458,238
12765,295,224,71
12766,176,118,58
12768,275,211,64
12770,110,63,47
12771,5171,3435,1736
12775,683,442,241
12776,971,644,327
12777,298,225,73
12778,318,185,133
12779,607,369,238
12780,819,599,220
12783,727,507,220
12784,13,13,0
12785,79,59,20
12786,272,152,120
12787,115,67,48
12788,770,475,295
12789,693,431,262
12790,2219,1536,683
12791,204,119,85
12792,119,78,41
12801,6360,3444,2916
12803,3046,1988,1058
12804,9304,6898,2406
12808,140,90,50
12809,1303,990,313
12810,253,203,50
12812,67,37,30
12814,687,445,242
12815,399,287,112
12816,1841,1243,598
12817,959,617,342
12819,147,107,40
12821,172,144,28
12822,2252,1641,611
12823,65,53,12
12824,330,246,84
12827,1428,1105,323
12828,3145,2273,872
12831,4721,3709,1012
12832,2728,1847,881
12833,1671,1243,428
12834,2618,1895,723
12835,1133,826,307
12836,303,209,94
12837,320,252,68
12838,221,164,57
12839,4782,3234,1548
12841,42,24,18
12842,589,392,197
12843,257,199,58
12844,129,88,41
12845,2023,1254,769
12846,1238,867,371
12847,320,205,115
12849,180,116,64
12850,845,574,271
12851,149,103,46
12852,221,139,82
12853,852,570,282
12855,111,72,39
12856,93,60,33
12857,181,137,44
12858,25,19,6
12859,663,548,115
12860,242,191,51
12861,250,192,58
12863,208,153,55
12865,1226,872,354
12866,13992,8369,5623
12870,696,445,251
12871,1573,1050,523
12873,342,234,108
12874,79,54,25
12878,271,173,98
12883,2017,1360,657
12885,1847,1295,552
12886,37,18,19
12887,1846,1278,568
12901,12772,7277,5495
12903,21,11,10
12910,597,433,164
12911,21,21,0
12912,840,618,222
12913,505,329,176
12914,471,342,129
12916,736,503,233
12917,468,352,116
12918,1025,749,276
12919,1197,803,394
12920,917,618,299
12921,892,647,245
12922,34,23,11
12923,251,183,68
12926,750,556,194
12927,105,75,30
12928,793,576,217
12930,221,169,52
12932,538,339,199
12934,439,302,137
12935,891,662,229
12936,206,142,64
12937,589,435,154
12941,556,403,153
12942,269,182,87
12943,172,96,76
12944,1722,1230,492
12945,288,184,104
12946,2676,1574,1102
12950,277,197,80
12952,267,178,89
12953,4631,3051,1580
12955,172,109,63
12956,728,466,262
12957,729,513,216
12958,633,497,136
12959,569,420,149
12960,424,328,96
12961,55,45,10
12962,2207,1668,539
12964,60,46,14
12965,169,127,42
12966,1022,785,237
12967,407,304,103
12969,217,155,62
12970,243,157,86
12972,2074,1571,503
12974,650,398,252
12979,1050,651,399
12980,542,351,191
12981,1072,758,314
12983,3249,1788,1461
12985,428,290,138
12986,2569,1620,949
12987,121,74,47
12989,331,231,100
12992,1676,1261,415
12993,718,478,240
12996,925,626,299
13021,16354,10367,5987
13026,619,439,180
13027,11537,8120,3417
13028,470,352,118
13029,2107,1637,470
13030,1587,1112,475
13031,6069,4312,1757
13032,4870,3429,1441
13033,1564,1210,354
13034,744,542,202
13035,2925,2054,871
13036,3394,2323,1071
13037,3249,2399,850
13039,5286,3968,1318
13040,1048,772,276
13041,3350,2702,648
13042,850,620,230
13044,1046,800,246
13045,11048,6356,4692
13052,626,422,204
13053,1702,1104,598
13054,785,575,210
13057,6258,3956,2302
13060,1100,763,337
13061,341,234,107
13062,56,49,7
13063,706,559,147
13066,4982,3450,1532
13068,1863,1270,593
13069,10154,6946,3208
13071,384,279,105
13072,294,245,49
13073,2201,1608,593
13074,1616,1178,438
13076,762,606,156
13077,2599,1896,703
13078,3042,2141,901
13080,1366,969,397
13081,452,331,121
13082,1985,1422,563
13083,700,467,233
13084,1561,1190,371
13088,9619,5854,3765
13090,11581,8342,3239
13092,908,709,199
13101,835,653,182
13104,5496,4171,1325
13108,2245,1705,540
13110,911,663,248
13111,600,485,115
13112,695,550,145
13114,2383,1697,686
13116,1260,998,262
13118,1975,1420,555
13120,885,732,153
13122,460,349,111
13124,57,51,6
13126,13280,8356,4924
13131,1430,1112,318
13132,1564,1204,360
13135,2195,1551,644
13136,209,168,41
13140,1775,1320,455
13141,307,222,85
13142,2587,1822,765
13143,1123,772,351
13144,517,392,125
13145,708,467,241
13146,866,661,205
13147,446,329,117
13148,4365,2872,1493
13152,3319,2456,863
13155,242,171,71
13156,921,643,278
13158,725,565,160
13159,2011,1473,538
13160,713,521,192
13164,632,457,175
13165,4169,2891,1278
13166,2228,1699,529
13167,1183,921,262
13202,2408,867,1541
13203,7381,3185,4196
13204,8526,4698,3828
13205,7930,4705,3225
13206,7827,4037,3790
13207,5595,3848,1747
13208,9112,5033,4079
13209,5651,3770,1881
13210,9607,3480,6127
13211,2633,1697,936
13212,8704,5824,2880
13214,3069,2033,1036
13215,5231,3716,1515
13219,6291,4482,1809
13224,3774,2415,1359
13290,0,0,0
13301,72,43,29
13302,544,415,129
13303,442,345,97
13304,677,462,215
13308,1976,1373,603
13309,2235,1564,671
13310,197,130,67
13312,283,184,99
13313,208,151,57
13314,335,261,74
13315,539,410,129
13316,2452,1762,690
13317,1514,1019,495
13318,504,424,80
13319,365,262,103
13320,826,608,218
13322,429,292,137
13323,4112,2729,1383
13324,775,574,201
13325,349,254,95
13326,2321,1502,819
13327,776,588,188
13328,488,356,132
13329,1597,1099,498
13331,117,81,36
13332,911,651,260
13333,65,42,23
13334,556,430,126
13335,541,405,136
13337,325,215,110
13338,686,451,235
13339,2609,1840,769
13340,3079,2185,894
13341,28,21,7
13342,79,58,21
13343,682,478,204
13346,1608,996,612
13348,520,343,177
13350,4100,2418,1682
13353,59,48,11
13354,1128,896,232
13355,247,183,64
13357,4583,3127,1456
13360,191,127,64
13361,264,200,64
13363,925,646,279
13365,3730,2303,1427
13367,3164,2246,918
13368,438,295,143
13402,670,460,210
13403,1575,1204,371
13406,243,174,69
13407,2286,1569,717
13408,1002,679,323
13409,787,612,175
13411,1226,857,369
13413,6310,4135,2175
13416,833,582,251
13417,1569,870,699
13418,112,77,35
13420,728,461,267
13421,5357,3360,1997
13424,896,638,258
13425,774,553,221
13428,646,461,185
13431,658,500,158
13433,678,499,179
13436,71,38,33
13437,184,134,50
13438,1690,1212,478
13439,1529,1063,466
13440,17266,11219,6047
13450,86,59,27
13452,1724,1196,528
13454,231,182,49
13456,1568,1180,388
13459,747,538,209
13460,1735,1163,572
13461,1274,899,375
13464,438,332,106
13468,188,124,64
13469,322,241,81
13470,256,186,70
13471,1178,918,260
13473,281,214,67
13475,2,2,0
13476,1245,874,371
13477,524,392,132
13478,1208,939,269
13480,1227,883,344
13483,71,54,17
13485,350,270,80
13486,308,234,74
13489,290,215,75
13490,587,440,147
13491,1465,1083,382
13492,4649,3205,1444
13493,760,560,200
13495,1049,600,449
13501,14775,8518,6257
13502,13649,8243,5406
13601,14577,9233,5344
13602,15,0,15
13603,2261,2192,69
13605,1881,1287,594
13606,924,697,227
13607,854,552,302
13608,548,403,145
13612,1017,757,260
13613,1007,694,313
13614,119,83,36
13615,442,300,142
13616,756,655,101
13617,3374,2146,1228
13618,738,494,244
13619,4228,3020,1208
13620,869,677,192
13621,298,186,112
13622,793,586,207
13624,1865,1334,531
13625,749,497,252
13626,772,584,188
13630,523,367,156
13633,94,72,22
13634,1402,1004,398
13635,390,291,99
13637,1344,1044,300
13638,156,114,42
13639,73,62,11
13640,127,92,35
13642,3571,2510,1061
13646,897,639,258
13648,944,701,243
13650,554,380,174
13652,715,528,187
13654,836,632,204
13655,850,631,219
13656,973,745,228
13658,877,632,245
13659,205,149,56
13660,665,507,158
13661,722,567,155
13662,6920,4550,2370
13664,134,82,52
13665,282,214,68
13667,1426,965,461
13668,1243,895,348
13669,6156,4051,2105
13670,252,168,84
13672,159,117,42
13673,820,635,185
13675,39,33,6
13676,5500,3205,2295
13679,665,466,199
13680,430,341,89
13681,279,214,65
13682,296,233,63
13684,383,280,103
13685,966,611,355
13687,131,94,37
13690,483,308,175
13691,982,716,266
13693,218,165,53
13694,587,385,202
13697,841,560,281
13730,1139,789,350
13731,563,374,189
13732,2997,2405,592
13733,1907,1329,578
13734,878,657,221
13736,918,643,275
13739,369,252,117
13740,225,140,85
13743,1399,1035,364
13744,467,325,142
13746,867,604,263
13748,1551,1169,382
13750,537,388,149
13752,311,208,103
13753,1809,1173,636
13754,1413,945,468
13755,486,319,167
13756,208,160,48
13757,431,303,128
13760,18746,11950,6796
13774,92,76,16
13775,696,446,250
13776,327,228,99
13777,367,292,75
13778,2477,1690,787
13780,376,256,120
13782,322,227,95
13783,1047,654,393
13786,174,128,46
13787,1313,979,334
13788,350,268,82
13790,8592,4895,3697
13795,1486,1090,396
13796,451,318,133
13797,885,673,212
13801,520,363,157
13802,263,219,44
13803,1556,1174,382
13804,146,122,24
13807,494,331,163
13808,747,541,206
13809,490,380,110
13810,526,387,139
13811,1548,1207,341
13812,895,674,221
13813,393,290,103
13815,5760,3591,2169
13820,7332,4038,3294
13825,1413,977,436
13827,4890,3341,1549
13830,1930,1372,558
13832,216,164,52
13833,1617,1260,357
13834,65,40,25
13835,571,411,160
13838,2078,1341,737
13839,621,431,190
13841,142,112,30
13842,154,123,31
13843,659,460,199
13844,309,236,73
13846,123,79,44
13849,2030,1472,558
13850,8578,6096,2482
13856,2773,1851,922
13859,118,59,59
13861,265,208,57
13862,1448,1050,398
13863,212,161,51
13864,400,300,100
13865,2409,1782,627
13901,8859,5096,3763
13903,7886,5009,2877
13904,3864,2432,1432
13905,11745,5938,5807
14001,3709,2584,1125
14004,3950,3024,926
14005,623,452,171
14006,4220,2977,1243
14008,531,380,151
14009,2217,1517,700
14011,2263,1643,620
14012,915,718,197
14013,614,419,195
14020,9126,5830,3296
14024,621,484,137
14025,1216,882,334
14026,290,203,87
14028,691,499,192
14030,628,459,169
14031,3258,2328,930
14032,1813,1524,289
14033,710,587,123
14034,792,611,181
14036,1948,1456,492
14037,384,289,95
14039,36,25,11
14040,787,648,139
14042,1816,1240,576
14043,10657,7284,3373
14047,2487,1924,563
14048,6475,4041,2434
14051,6084,5101,983
14052,6930,5114,1816
14054,520,402,118
14055,510,363,147
14057,2898,2239,659
14058,819,624,195
14059,3277,2542,735
14060,175,126,49
14062,1309,995,314
14063,5038,2992,2046
14065,685,555,130
14066,544,412,132
14067,1898,1422,476
14068,2319,1721,598
14069,321,227,94
14070,2312,1469,843
14072,6916,5236,1680
14075,16519,11496,5023
14080,1756,1312,444
14081,1327,827,500
14082,154,126,28
14083,22,22,0
14085,1890,1551,339
14086,10726,7922,2804
14091,379,293,86
14092,4468,3130,1338
14094,20488,13584,6904
14098,1044,766,278
14101,685,517,168
14102,355,305,50
14103,4408,3016,1392
14105,1632,1269,363
14108,2144,1648,496
14111,1193,868,325
14113,280,208,72
14120,17216,11850,5366
14125,1393,1077,316
14127,10332,7712,2620
14129,683,492,191
14131,1983,1516,467
14132,2052,1535,517
14134,0,0,0
14136,2121,1552,569
14138,761,551,210
14139,832,584,248
14141,2987,2057,930
14143,480,372,108
14145,576,451,125
14150,18934,12471,6463
14167,631,502,129
14170,982,787,195
14171,806,626,180
14172,1245,932,313
14174,2208,1646,562
14201,6198,2609,3589
14202,1676,453,1223
14203,428,108,320
14204,4740,2426,2314
14206,10314,5893,4421
14207,9763,5654,4109
14208,5072,2931,2141
14209,4429,1653,2776
14210,6722,4178,2544
14211,11846,7379,4467
14212,6848,3804,3044
14213,9956,5877,4079
14214,8353,4430,3923
14215,17481,11332,6149
14216,10954,5789,5165
14217,10798,6302,4496
14218,8675,5138,3537
14219,5391,3513,1878
14220,10465,6617,3848
14221,20631,13981,6650
14222,7162,2219,4943
14223,9924,6627,3297
14224,16029,11251,4778
14225,15657,9997,5660
14226,12564,7932,4632
14227,10428,6746,3682
14228,7517,4613,2904
14301,6468,3575,2893
14303,3361,1652,1709
14304,12788,8397,4391
14305,7701,5038,2663
14411,4888,3387,1501
14414,2597,1792,805
14415,22,11,11
14416,1459,1094,365
14418,591,414,177
14420,6502,4187,2315
14422,900,689,211
14423,1838,1388,450
14424,9991,6521,3470
14425,3497,2630,867
14427,843,616,227
14428,2643,2124,519
14432,2209,1658,551
14433,1745,1275,470
14435,1023,751,272
14437,3836,2631,1205
14441,135,90,45
14445,3465,2111,1354
14450,15665,11433,4232
14454,2583,1417,1166
14456,7579,4726,2853
14462,205,167,38
14464,2675,2081,594
14466,592,424,168
14467,3242,2389,853
14468,5767,4598,1169
14469,2190,1670,520
14470,2832,2044,788
14471,1127,758,369
14472,3111,2364,747
14475,78,61,17
14476,880,729,151
14477,594,435,159
14478,343,211,132
14480,272,189,83
14481,696,528,168
14482,3625,2446,1179
14485,1622,1166,456
14487,2094,1588,506
14489,2857,1897,960
14502,3381,2641,740
14504,574,355,219
14505,2093,1643,450
14506,430,369,61
14507,513,395,118
14510,2002,1349,653
14512,1849,1311,538
14513,5773,3968,1805
14514,1737,1203,534
14516,990,707,283
14517,1074,769,305
14519,4111,3095,1016
14521,1065,657,408
14522,3471,2296,1175
14525,999,792,207
14526,7304,5503,1801
14527,4984,3364,1620
14530,2290,1585,705
14532,1728,1255,473
14533,837,612,225
14534,10885,8753,2132
14536,245,178,67
14541,712,549,163
14543,1158,919,239
14544,739,551,188
14545,85,63,22
14546,2174,1549,625
14548,1611,1127,484
14550,669,482,187
14551,1992,1429,563
14555,573,351,222
14559,5771,4466,1305
14560,877,623,254
14561,1023,828,195
14564,3645,2664,981
14568,1915,1522,393
14569,2461,1620,841
14571,450,309,141
14572,2052,1483,569
14580,16884,12287,4597
14585,128,88,40
14586,2325,1631,694
14589,2983,2189,794
14590,2107,1433,674
14591,546,442,104
14604,1216,127,1089
14605,4979,3280,1699
14606,11477,7710,3767
14607,9807,2045,7762
14608,5302,2846,2456
14609,17860,11063,6797
14610,6645,3244,3401
14611,7090,4406,2684
14612,13823,9466,4357
14613,5499,3372,2127
14614,38,0,38
14615,6695,3929,2766
14616,11480,7527,3953
14617,9420,6570,2850
14618,8848,5686,3162
14619,5438,3729,1709
14620,11464,4698,6766
14621,13732,8352,5380
14622,5209,3330,1879
14623,8939,4810,4129
14624,14426,10607,3819
14625,4565,3152,1413
14626,11473,8162,3311
14701,17933,11172,6761
14706,2430,1697,733
14708,63,53,10
14709,595,422,173
14710,1456,1147,309
14711,750,491,259
14712,1411,1033,378
14714,106,94,12
14715,1244,897,347
14716,957,678,279
14717,267,194,73
14718,904,606,298
14719,1316,965,351
14721,33,29,4
14723,429,337,92
14724,933,731,202
14726,566,448,118
14727,2151,1537,614
14728,404,336,68
14729,366,262,104
14731,783,490,293
14733,1619,1037,582
14735,1017,734,283
14736,116,88,28
14737,1692,1227,465
14738,1413,1057,356
14739,1127,777,350
14740,417,324,93
14741,820,555,265
14743,778,565,213
14744,473,324,149
14747,953,693,260
14748,286,186,100
14750,2030,1358,672
14753,464,320,144
14754,194,145,49
14755,1116,808,308
14757,1580,1012,568
14760,8429,5224,3205
14767,642,507,135
14769,388,261,127
14770,1203,874,329
14772,1554,1124,430
14775,1039,756,283
14777,264,182,82
14779,2952,1875,1077
14781,755,557,198
14782,1031,759,272
14783,156,126,30
14784,328,267,61
14787,2205,1504,701
14801,2006,1454,552
14802,539,149,390
14803,480,317,163
14804,581,419,162
14805,465,313,152
14806,895,615,280
14807,1179,858,321
14808,250,180,70
14809,952,689,263
14810,4986,3201,1785
14812,1267,955,312
14813,1018,695,323
14814,673,555,118
14815,365,255,110
14816,211,150,61
14817,871,531,340
14818,713,513,200
14819,284,200,84
14820,254,209,45
14821,1290,956,334
14822,436,315,121
14823,1577,1104,473
14824,353,267,86
14825,339,270,69
14826,787,558,229
14830,8282,5137,3145
14836,392,308,84
14837,1936,1387,549
14838,747,633,114
14839,273,195,78
14840,1443,1002,441
14841,327,229,98
14842,299,246,53
14843,5339,3378,1961
14845,7833,5667,2166
14846,276,207,69
14847,946,683,263
14850,23704,10506,13198
14855,266,216,50
14857,0,0,0
14858,640,486,154
14859,417,305,112
14860,441,316,125
14861,556,424,132
14864,524,326,198
14865,1071,709,362
14867,2169,1447,722
14869,532,391,141
14870,3837,2583,1254
14871,1868,1447,421
14872,184,130,54
14873,951,664,287
14874,76,58,18
14877,246,179,67
14878,278,242,36
14879,817,600,217
14880,621,474,147
14881,107,38,69
14882,1472,1016,456
14883,1505,1122,383
14884,134,95,39
14885,272,196,76
14886,2563,1805,758
14889,557,390,167
14891,1834,1190,644
14892,3297,2188,1109
14894,587,432,155
14895,4183,2653,1530
14897,326,248,78
14898,508,389,119
14901,6158,3609,2549
14903,3227,2026,1201
14904,6866,4369,2497
14905,4033,2519,1514
15001,14045,9876,4169
15003,5791,3505,2286
15004,116,79,37
15005,3786,2744,1042
15006,143,103,40
15007,134,86,48
15009,6079,4181,1898
15010,11535,7916,3619
15012,6963,4945,2018
15014,1517,929,588
15015,497,396,101
15017,6156,3622,2534
15018,271,168,103
15019,797,581,216
15020,144,123,21
15021,3039,2265,774
15022,5136,3211,1925
15024,3415,2412,1003
15025,7189,4725,2464
15026,1455,1127,328
15027,999,673,326
15028,65,44,21
15030,478,267,211
15031,223,140,83
15033,2466,1471,995
15034,954,575,379
15035,1113,667,446
15037,4677,3544,1133
15038,130,83,47
15042,2877,2290,587
15043,914,749,165
15044,8222,6495,1727
15045,2159,1325,834
15046,838,628,210
15049,493,259,234
15050,905,715,190
15051,244,142,102
15052,1494,1176,318
15053,52,28,24
15054,209,139,70
15055,576,413,163
15056,568,337,231
15057,4245,3191,1054
15059,2011,1293,718
15060,411,291,120
15061,5506,3888,1618
15062,3916,2443,1473
15063,5100,3460,1640
15064,127,74,53
15065,5200,3456,1744
15066,5719,3912,1807
15067,965,671,294
15068,17499,11518,5981
15071,3871,2641,1230
15072,42,42,0
15074,4048,2684,1364
15075,74,62,12
15076,351,234,117
15078,215,122,93
15081,229,143,86
15082,140,114,26
15083,340,227,113
15084,4466,2929,1537
15085,3334,2345,989
15086,115,97,18
15087,73,45,28
15088,253,160,93
15089,3108,2174,934
15090,6243,4923,1320
15101,8758,6803,1955
15102,12204,8796,3408
15104,4738,3006,1732
15106,8692,5120,3572
15108,14896,9958,4938
15110,3182,1888,1294
15112,1658,929,729
15116,5813,4420,1393
15120,8913,5379,3534
15122,9208,6229,2979
15126,2625,1866,759
15129,4361,3192,1169
15131,3985,2578,1407
15132,10648,6438,4210
15133,2897,1938,959
15135,2273,1674,599
15136,9511,6175,3336
15137,4808,3090,1718
15139,3118,1720,1398
15140,1671,907,764
15142,226,189,37
15143,6658,4721,1937
15144,2030,1316,714
15145,3583,2024,1559
15146,12403,8167,4236
15147,7819,5204,2615
15148,1384,733,651
15201,6481,3444,3037
15202,10053,5155,4898
15203,4967,1921,3046
15204,3811,2586,1225
15205,10041,5774,4267
15206,14980,7662,7318
15207,5625,3438,2187
15208,5519,3377,2142
15209,5465,3507,1958
15210,12626,8000,4626
15211,5979,2801,3178
15212,14084,7804,6280
15213,10585,2829,7756
15214,6773,4475,2298
15215,5647,3428,2219
15216,10981,6325,4656
15217,12041,6363,5678
15218,7196,3838,3358
15219,6662,3092,3570
15220,8930,5133,3797
15221,16879,9201,7678
15222,790,102,688
15223,3549,2074,1475
15224,5683,2811,2872
15225,644,305,339
15226,6184,3954,2230
15227,12998,8232,4766
15228,7262,4723,2539
15229,5743,3693,2050
15232,6620,1837,4783
15233,1468,655,813
15234,6385,4162,2223
15235,16493,11181,5312
15236,12509,8861,3648
15237,17286,11775,5511
15238,5254,3862,1392
15239,7941,6136,1805
15241,7294,6015,1279
15243,5270,3863,1407
15301,20148,13233,6915
15310,160,115,45
15311,509,405,104
15312,1407,1081,326
15313,149,107,42
15314,1599,1093,506
15315,302,208,94
15316,163,129,34
15317,12390,9222,3168
15320,2110,1443,667
15321,663,519,144
15322,913,668,245
15323,1769,1396,373
15324,313,202,111
15325,308,204,104
15327,626,417,209
15329,724,597,127
15330,1886,1503,383
15331,485,290,195
15332,3056,2194,862
15333,912,673,239
15334,78,67,11
15337,325,253,72
15338,674,496,178
15340,570,437,133
15341,370,289,81
15342,2163,1398,765
15344,542,401,141
15345,729,520,209
15346,326,208,118
15347,9,9,0
15348,122,87,35
15349,803,610,193
15350,282,206,76
15351,367,259,108
15352,340,241,99
15353,50,41,9
15357,618,455,163
15358,360,212,148
15359,78,57,21
15360,716,562,154
15361,77,64,13
15362,254,197,57
15363,340,199,141
15364,253,196,57
15367,1783,1445,338
15368,202,161,41
15370,5162,3464,1698
15376,661,508,153
15377,301,248,53
15378,76,66,10
15379,58,38,20
15380,347,270,77
15401,15042,9927,5115
15410,465,342,123
15411,303,201,102
15412,121,97,24
15413,164,125,39
15417,3874,2616,1258
15419,1515,619,896
15420,55,29,26
15422,130,88,42
15423,816,602,214
15424,985,654,331
15425,9157,6303,2854
15427,459,349,110
15428,763,566,197
15429,34,24,10
15430,133,106,27
15431,2195,1529,666
15432,166,104,62
15433,445,296,149
15434,155,106,49
15436,1279,841,438
15437,942,698,244
15438,957,691,266
15440,112,87,25
15442,1120,797,323
15443,141,111,30
15444,251,158,93
15445,1411,970,441
15446,75,40,35
15447,27,27,0
15448,82,50,32
15450,129,104,25
15451,371,281,90
15454,61,32,29
15455,121,57,64
15456,1037,761,276
15458,1035,739,296
15459,634,490,144
15460,55,37,18
15461,1838,1297,541
15462,172,122,50
15464,567,447,120
15466,229,165,64
15468,1272,877,395
15469,1009,776,233
15470,479,343,136
15472,165,76,89
15473,1548,1078,470
15474,1052,744,308
15475,659,365,294
15476,109,61,48
15477,421,266,155
15478,2481,1791,690
15479,799,601,198
15480,926,707,219
15482,355,229,126
15483,301,184,117
15484,35,13,22
15485,57,36,21
15486,1090,814,276
15489,139,86,53
15490,402,336,66
15492,27,19,8
15501,6929,4686,2243
15520,103,70,33
15521,662,517,145
15522,5064,3464,1600
15530,1976,1461,515
15531,1666,1182,484
15532,30,19,11
15533,536,389,147
15534,385,308,77
15535,854,678,176
15536,177,128,49
15537,3410,2512,898
15538,309,227,82
15539,207,141,66
15540,113,88,25
15541,1520,1124,396
15542,517,437,80
15544,96,82,14
15545,1170,855,315
15546,168,110,58
15547,113,82,31
15550,714,512,202
15551,313,257,56
15552,2380,1780,600
15553,70,50,20
15554,1020,773,247
15557,1523,1120,403
15558,920,671,249
15559,696,530,166
15560,111,62,49
15562,60,46,14
15563,1419,1064,355
15601,23388,15385,8003
15610,995,743,252
15611,100,79,21
15612,204,171,33
15613,5946,4442,1504
15615,83,67,16
15617,175,117,58
15618,676,503,173
15620,286,208,78
15622,558,368,190
15623,349,270,79
15624,232,172,60
15625,16,16,0
15626,2112,1424,688
15627,2833,2064,769
15628,285,223,62
15629,339,208,131
15631,430,310,120
15632,3204,2251,953
15633,179,115,64
15634,194,139,55
15635,90,62,28
15636,950,789,161
15637,982,672,310
15639,884,682,202
15640,105,82,23
15641,202,157,45
15642,17382,13271,4111
15644,8218,5649,2569
15646,151,107,44
15647,46,39,7
15650,11262,7654,3608
15655,237,138,99
15656,4151,2935,1216
15658,3915,2756,1159
15660,144,85,59
15661,255,208,47
15662,70,62,8
15663,237,180,57
15665,537,402,135
15666,6748,4757,1991
15668,4800,3935,865
15670,1577,1250,327
15671,373,323,50
15672,1433,888,545
15673,577,422,155
15674,196,126,70
15675,561,427,134
15676,275,158,117
15677,229,174,55
15678,153,85,68
15679,1241,911,330
15680,113,81,32
15681,1897,1321,576
15683,3380,2327,1053
15684,338,237,101
15685,197,152,45
15686,486,386,100
15687,610,429,181
15688,316,175,141
15689,109,85,24
15690,4052,2646,1406
15692,295,219,76
15693,176,140,36
15695,152,96,56
15696,197,126,71
15697,1579,980,599
15698,313,235,78
15701,12857,6992,5865
15710,121,98,23
15711,176,124,52
15712,38,33,5
15713,147,128,19
15714,2423,1723,700
15715,274,198,76
15716,110,68,42
15717,4625,3173,1452
15721,108,81,27
15722,1161,868,293
15723,25,21,4
15724,1022,785,237
15725,719,467,252
15728,1508,1096,412
15729,573,447,126
15730,58,39,19
15731,126,78,48
15732,658,491,167
15733,47,29,18
15734,134,88,46
15736,158,110,48
15739,209,126,83
15741,100,74,26
15742,387,282,105
15744,56,31,25
15745,134,78,56
15747,877,699,178
15748,2896,2083,813
15752,44,26,18
15753,189,146,43
15754,201,147,54
15756,71,42,29
15757,682,503,179
15759,1028,767,261
15760,47,40,7
15761,53,38,15
15762,251,206,45
15763,7,6,1
15764,63,54,9
15765,593,488,105
15767,5754,3955,1799
15770,130,110,20
15771,366,288,78
15772,635,447,188
15773,178,141,37
15774,1198,961,237
15775,545,386,159
15776,25,17,8
15777,44,39,5
15778,68,55,13
15779,51,30,21
15780,60,40,20
15781,85,52,33
15783,40,31,9
15784,31,28,3
15801,8334,5633,2701
15821,79,55,24
15823,656,456,200
15824,2120,1530,590
15825,3962,2742,1220
15827,273,172,101
15828,119,100,19
15829,497,376,121
15832,186,121,65
15834,2177,1436,741
15840,802,573,229
15841,82,54,28
15845,1562,1036,526
15846,1510,1129,381
15847,103,75,28
15848,366,274,92
15849,625,427,198
15851,2577,1903,674
15853,3011,2005,1006
15856,325,247,78
15857,5740,4023,1717
15860,477,337,140
15861,80,59,21
15863,140,110,30
15864,704,559,145
15865,588,373,215
15866,79,61,18
15868,427,287,140
15870,593,406,187
15901,2755,1197,1558
15902,5786,3524,2262
15904,6673,4482,2191
15905,9532,6425,3107
15906,5319,3424,1895
15909,2727,1956,771
15920,358,266,92
15923,715,511,204
15924,481,354,127
15925,48,32,16
15926,1171,799,372
15927,492,325,167
15928,702,552,150
15929,23,21,2
15930,69,34,35
15931,3403,2458,945
15934,92,76,16
15935,1239,973,266
15936,657,452,205
15937,294,216,78
15938,1037,752,285
15940,573,431,142
15942,832,648,184
15943,2070,1416,654
15944,1412,1087,325
15946,2840,1973,867
15948,237,174,63
15949,198,150,48
15952,570,479,91
15954,1100,812,288
15955,1368,1009,359
15956,1354,926,428
15957,140,103,37
15958,860,656,204
15961,235,185,50
15963,4909,3355,1554
16001,17683,11310,6373
16002,5758,4542,1216
16020,368,274,94
16022,199,160,39
16023,1534,1106,428
16024,156,132,24
16025,2072,1558,514
16027,200,170,30
16028,921,619,302
16029,301,195,106
16030,141,112,29
16033,2193,1662,531
16034,675,509,166
16035,37,24,13
16036,136,99,37
16037,1729,1318,411
16038,1258,940,318
16040,393,294,99
16041,789,626,163
16045,612,357,255
16046,3497,2703,794
16049,1265,923,342
16050,593,457,136
16051,1322,957,365
16052,860,661,199
16053,1273,964,309
16054,193,136,57
16055,2904,2311,593
16056,1901,1296,605
16057,4024,2506,1518
16059,2536,1980,556
16061,895,710,185
16063,2981,1786,1195
16066,8399,6574,1825
16101,14423,9806,4617
16102,2423,1782,641
16105,6290,4451,1839
16110,118,87,31
16111,355,290,65
16112,707,506,201
16113,186,161,25
16114,229,171,58
16115,1348,992,356
16116,1484,1050,434
16117,7195,5084,2111
16120,867,682,185
16121,2539,1655,884
16123,824,647,177
16124,787,627,160
16125,7371,5192,2179
16127,5205,3593,1612
16130,787,596,191
16131,339,266,73
16132,137,98,39
16133,596,474,122
16134,1597,1145,452
16136,387,267,120
16137,4668,3375,1293
16140,76,59,17
16141,732,525,207
16142,1848,1328,520
16143,1211,903,308
16145,1075,808,267
16146,6857,4249,2608
16148,5813,3848,1965
16150,3781,2707,1074
16151,66,49,17
16153,1003,715,288
16154,1186,840,346
16155,5,5,0
16156,1157,918,239
16157,1392,985,407
16159,2508,1914,594
16160,411,293,118
16161,327,193,134
16201,7447,5105,2342
16210,425,336,89
16212,190,116,74
16213,86,50,36
16214,3769,1909,1860
16217,75,46,29
16218,424,337,87
16222,847,634,213
16223,40,32,8
16224,441,342,99
16226,3742,2552,1190
16228,176,134,42
16229,2064,1514,550
16230,223,172,51
16232,1822,1323,499
16233,527,358,169
16234,23,17,6
16235,445,315,130
16236,114,69,45
16238,180,109,71
16239,587,382,205
16240,615,462,153
16242,2046,1426,620
16244,145,103,42
16245,96,69,27
16246,101,84,17
16248,1451,1047,404
16249,806,601,205
16250,142,92,50
16253,34,28,6
16254,1331,948,383
16255,727,552,175
16256,478,401,77
16258,690,464,226
16259,804,597,207
16260,123,83,40
16262,1143,840,303
16263,169,110,59
16301,7285,4826,2459
16311,226,168,58
16313,808,591,217
16314,2144,1676,468
16316,2422,1586,836
16317,584,459,125
16319,423,337,86
16321,62,44,18
16322,37,22,15
16323,6850,4709,2141
16326,201,162,39
16327,1137,874,263
16329,133,92,41
16331,129,105,24
16332,63,41,22
16333,174,115,59
16334,193,156,37
16335,11624,7333,4291
16340,894,661,233
16341,822,607,215
16342,817,584,233
16343,177,144,33
16344,193,135,58
16345,1465,1110,355
16346,1350,932,418
16347,1016,668,348
16350,1015,792,223
16351,781,539,242
16352,115,80,35
16353,1362,933,429
16354,4867,3272,1595
16360,531,434,97
16361,26,23,3
16362,377,293,84
16364,381,287,94
16365,8319,5291,3028
16370,74,58,16
16371,1386,966,420
16372,225,153,72
16373,1366,1021,345
16374,676,487,189
16401,1678,1204,474
16402,289,234,55
16403,2248,1643,605
16404,1179,907,272
16405,255,186,69
16406,1333,968,365
16407,4449,3217,1232
16410,608,503,105
16411,524,393,131
16412,4180,2460,1720
16415,2774,2251,523
16416,104,79,25
16417,3220,2392,828
16420,277,210,67
16421,934,744,190
16422,21,16,5
16423,1552,1152,400
16424,2077,1452,625
16426,1466,1131,335
16427,99,75,24
16428,4858,3550,1308
16433,1956,1459,497
16434,847,665,182
16435,792,603,189
16436,228,170,58
16438,3091,2333,758
16440,332,240,92
16441,3237,2535,702
16442,1039,848,191
16443,557,429,128
16501,1271,142,1129
16502,7120,3922,3198
16503,6487,4188,2299
16504,6551,4304,2247
16505,7770,4804,2966
16506,9052,6377,2675
16507,4099,2117,1982
16508,6681,4317,2364
16509,10829,7247,3582
16510,9187,6848,2339
16511,4511,3154,1357
16601,13576,8889,4687
16602,12903,8375,4528
16611,1056,812,244
16613,594,466,128
16616,53,33,20
16617,1269,921,348
16619,113,77,36
16620,169,131,38
16621,270,220,50
16622,76,56,20
16623,165,131,34
16624,46,30,16
16625,1513,1093,420
16627,829,561,268
16630,1958,1253,705
16631,64,60,4
16633,43,31,12
16634,75,54,21
16635,4914,3611,1303
16636,333,254,79
16637,819,546,273
16638,41,31,10
16639,604,433,171
16640,306,239,67
16641,1114,764,350
16645,58,48,10
16646,1014,739,275
16647,270,207,63
16648,6094,4309,1785
16650,690,465,225
16651,1465,1040,425
16652,5730,3808,1922
16655,591,442,149
16656,509,400,109
16657,535,389,146
16659,130,107,23
16661,438,300,138
16662,2168,1519,649
16663,71,50,21
16664,675,562,113
16665,105,68,37
16666,1296,882,414
16667,521,416,105
16668,1529,1046,483
16669,868,651,217
16670,79,48,31
16671,218,159,59
16672,46,36,10
16673,2017,1512,505
16674,299,222,77
16677,108,88,20
16678,1279,903,376
16679,459,350,109
16680,209,146,63
16681,76,54,22
16682,52,46,6
16683,222,164,58
16685,121,90,31
16686,5317,3766,1551
16689,178,145,33
16691,136,91,45
16692,317,233,84
16693,1656,1204,452
16694,56,47,9
16695,397,326,71
16701,7519,4868,2651
16720,556,401,155
16724,90,52,38
16725,103,69,34
16726,183,151,32
16727,90,74,16
16729,401,279,122
16730,114,83,31
16731,1191,841,350
16732,171,119,52
16733,152,106,46
16734,116,86,30
16735,2834,1823,1011
16738,514,364,150
16740,537,376,161
16743,1763,1211,552
16744,106,87,19
16745,212,172,40
16746,531,387,144
16748,1224,868,356
16749,1573,1105,468
16750,178,140,38
16751,38,24,14
16801,15933,5918,10015
16802,0,0,0
16803,8264,4380,3884
16820,397,296,101
16822,811,606,205
16823,8413,5816,2597
16825,105,94,11
16826,366,263,103
16827,1525,1169,356
16828,1507,1057,450
16829,266,203,63
16830,6128,3944,2184
16832,153,112,41
16833,2150,1569,581
16834,122,92,30
16836,533,406,127
16837,75,69,6
16838,745,546,199
16839,207,171,36
16840,202,145,57
16841,1739,1338,401
16843,184,98,86
16844,1036,807,229
16845,295,190,105
16847,162,142,20
16848,179,127,52
16849,247,171,76
16851,289,244,45
16852,85,60,25
16853,467,332,135
16854,355,236,119
16855,138,99,39
16856,22,19,3
16858,1496,1085,411
16859,213,172,41
16860,117,84,33
16861,121,90,31
16863,334,243,91
16864,23,21,2
16865,730,604,126
16866,3589,2346,1243
16870,1821,1464,357
16871,35,26,9
16872,444,369,75
16874,534,405,129
16875,1305,1037,268
16876,120,83,37
16877,580,453,127
16878,978,757,221
16879,89,64,25
16881,797,635,162
16882,127,96,31
16901,4046,2805,1241
16911,140,113,27
16912,723,448,275
16914,900,721,179
16915,2333,1639,694
16917,542,387,155
16918,63,44,19
16920,763,486,277
16921,282,180,102
16922,851,604,247
16923,523,379,144
16925,1305,992,313
16926,282,237,45
16927,269,203,66
16928,552,397,155
16929,862,655,207
16930,459,347,112
16932,252,205,47
16933,2444,1599,845
16935,477,367,110
16936,934,707,227
16937,47,41,6
16938,307,242,65
16939,115,74,41
16940,237,194,43
16941,26,26,0
16942,330,246,84
16943,212,166,46
16946,957,678,279
16947,1819,1233,586
16948,698,533,165
16950,1186,862,324
17002,252,207,45
17003,3603,2630,973
17004,1552,1195,357
17005,137,99,38
17006,432,327,105
17007,1989,1642,347
17009,848,580,268
17010,95,78,17
17011,13515,8852,4663
17013,20447,13834,6613
17016,106,67,39
17017,645,501,144
17018,1557,1194,363
17019,5826,4457,1369
17020,3405,2502,903
17021,411,314,97
17022,9946,7152,2794
17023,1219,870,349
17024,652,515,137
17025,5652,3828,1824
17026,1041,782,259
17027,81,44,37
17028,1372,1029,343
17029,47,36,11
17032,2897,2253,644
17033,6310,3960,2350
17034,1304,712,592
17035,311,245,66
17036,7360,5355,2005
17037,376,292,84
17038,2451,1824,627
17040,880,684,196
17041,96,78,18
17042,13445,9190,4255
17043,2723,1444,1279
17044,9291,6146,3145
17045,1194,875,319
17046,11113,7834,3279
17047,823,630,193
17048,1721,1179,542
17049,1200,892,308
17051,1761,1324,437
17052,625,476,149
17053,1925,1362,563
17055,22533,15795,6738
17057,8640,5712,2928
17058,665,485,180
17059,2681,2004,677
17060,447,356,91
17061,2773,1895,878
17062,1415,1057,358
17063,1361,985,376
17064,302,190,112
17065,1494,1086,408
17066,2349,1547,802
17067,4503,3324,1179
17068,1436,1075,361
17069,53,34,19
17070,6346,4016,2330
17072,44,44,0
17073,1601,1218,383
17074,2768,2038,730
17075,100,84,16
17076,31,31,0
17077,73,64,9
17078,7491,5093,2398
17080,137,102,35
17081,57,22,35
17082,1148,865,283
17083,37,30,7
17084,1478,1135,343
17086,873,712,161
17087,953,745,208
17088,375,293,82
17090,2008,1549,459
17093,186,139,47
17094,934,692,242
17097,361,269,92
17098,1072,759,313
17099,441,318,123
17101,1392,130,1262
17102,4200,1366,2834
17103,4670,2857,1813
17104,7725,5062,2663
17109,10301,6016,4285
17110,9011,5694,3317
17111,10801,7165,3636
17112,11871,8849,3022
17113,4450,2893,1557
17201,19297,13346,5951
17211,150,108,42
17212,244,193,51
17213,254,177,77
17214,464,285,179
17215,127,83,44
17219,95,65,30
17220,262,199,63
17221,196,127,69
17222,3290,2425,865
17223,139,111,28
17224,636,518,118
17225,6188,4717,1471
17228,397,299,98
17229,543,405,138
17233,1947,1304,643
17235,270,184,86
17236,3039,2332,707
17237,582,448,134
17238,671,499,172
17239,76,64,12
17240,1088,904,184
17241,4196,3236,960
17243,637,421,216
17244,945,761,184
17249,171,128,43
17252,1292,958,334
17253,128,92,36
17254,37,22,15
17255,385,302,83
17257,7917,5189,2728
17260,302,222,80
17262,474,370,104
17264,946,689,257
17265,80,59,21
17266,236,178,58
17267,1007,774,233
17268,10287,7314,2973
17270,32,32,0
17271,207,163,44
17301,1229,974,255
17302,946,715,231
17304,832,675,157
17306,196,161,35
17307,2047,1560,487
17309,791,597,194
17311,253,181,72
17313,3855,2683,1172
17314,2017,1636,381
17315,8891,6681,2210
17316,2540,1907,633
17317,306,211,95
17318,111,63,48
17319,3571,2722,849
17320,2590,2023,567
17321,739,605,134
17322,1985,1612,373
17324,1606,1217,389
17325,9475,6372,3103
17327,2705,2093,612
17329,827,718,109
17331,17377,12352,5025
17339,2102,1638,464
17340,3585,2798,787
17343,53,24,29
17344,1420,881,539
17345,2666,1946,720
17347,1754,1274,480
17349,2539,2037,502
17350,4281,3204,1077
17352,439,344,95
17353,1165,939,226
17355,111,75,36
17356,7131,5296,1835
17360,1691,1365,326
17361,1829,1335,494
17362,4180,3366,814
17363,2992,2457,535
17364,1382,1002,380
17365,1079,825,254
17366,1710,1272,438
17368,2810,1991,819
17370,1855,1430,425
17372,1343,1025,318
17401,543,132,411
17402,17380,11942,5438
17403,16529,10259,6270
17404,23023,15443,7580
17406,2495,1934,561
17407,631,500,131
17501,1838,1306,532
17502,885,676,209
17505,453,344,109
17508,65,49,16
17509,1355,1148,207
17512,6848,4609,2239
17516,1629,1332,297
17517,4861,3924,937
17518,377,303,74
17519,1573,1362,211
17520,1816,1436,380
17522,10837,7852,2985
17527,1806,1499,307
17529,1339,1114,225
17532,1130,893,237
17535,617,525,92
17536,797,690,107
17538,2296,1876,420
17540,3107,2418,689
17543,13414,10099,3315
17545,7254,5536,1718
17547,2293,1656,637
17551,2999,1811,1188
17552,5556,4053,1503
17554,2241,1563,678
17555,2097,1796,301
17557,4635,3501,1134
17560,1776,1403,373
17562,1155,982,173
17563,1193,973,220
17565,839,663,176
17566,3464,2752,712
17569,1828,1423,405
17570,98,77,21
17572,1192,869,323
17576,41,33,8
17578,2293,1884,409
17579,2007,1542,465
17581,356,280,76
17582,707,553,154
17584,3336,2455,881
17601,17969,12977,4992
17602,17185,11218,5967
17603,23323,14268,9055
17701,18830,11323,7507
17702,4453,3058,1395
17721,603,425,178
17724,1999,1422,577
17728,2045,1594,451
17729,62,34,28
17730,102,59,43
17731,158,91,67
17737,2434,1694,740
17738,65,41,24
17739,10,5,5
17740,4992,3690,1302
17742,30,24,6
17744,1270,933,337
17745,7130,4382,2748
17747,943,763,180
17748,41,41,0
17749,134,83,51
17750,47,29,18
17751,2618,1996,622
17752,1882,1427,455
17754,4789,3525,1264
17756,4316,3243,1073
17758,417,305,112
17760,183,123,60
17762,283,201,82
17763,96,77,19
17764,1209,730,479
17765,362,293,69
17767,28,12,16
17768,126,86,40
17771,1359,1011,348
17772,841,675,166
17774,455,337,118
17776,231,150,81
17777,2645,1886,759
17778,71,58,13
17801,7154,4740,2414
17810,698,575,123
17812,550,401,149
17813,713,540,173
17814,1794,1312,482
17815,10430,6567,3863
17820,2265,1630,635
17821,7266,4907,2359
17823,462,345,117
17824,1620,1211,409
17825,18,18,0
17827,304,214,90
17829,67,51,16
17830,803,590,213
17832,317,206,111
17833,130,90,40
17834,1540,1004,536
17835,101,71,30
17836,112,80,32
17837,5516,3420,2096
17840,160,135,25
17841,1724,1363,361
17842,2846,2174,672
17844,3596,2702,894
17845,766,579,187
17846,1409,1036,373
17847,4726,3179,1547
17850,265,183,82
17851,3758,2108,1650
17853,991,790,201
17855,379,276,103
17856,1303,1083,220
17857,3093,2087,1006
17859,1051,778,273
17860,522,411,111
17861,85,58,27
17862,219,162,57
17864,790,617,173
17865,48,42,6
17866,3706,2340,1366
17867,49,42,7
17868,473,347,126
17870,5535,3751,1784
17872,4491,2649,1842
17878,474,349,125
17881,865,562,303
17882,59,40,19
17884,107,70,37
17885,64,40,24
17886,292,219,73
17887,140,66,74
17888,177,128,49
17889,968,794,174
17901,10150,6593,3557
17920,114,73,41
17921,2709,1817,892
17922,1643,1322,321
17923,206,125,81
17925,163,114,49
17927,6,4,2
17929,636,471,165
17930,167,103,64
17931,2464,1550,914
17933,37,16,21
17934,217,113,104
17935,939,596,343
17936,295,204,91
17938,935,651,284
17941,266,210,56
17943,116,58,58
17944,76,44,32
17945,57,40,17
17946,76,59,17
17948,2528,1536,992
17949,165,107,58
17951,140,109,31
17952,125,87,38
17953,186,117,69
17954,2104,1276,828
17957,107,94,13
17959,714,453,261
17960,1146,868,278
17961,2560,1820,740
17963,3525,2586,939
17964,285,221,64
17965,967,643,324
17967,1021,707,314
17968,157,117,40
17970,1640,986,654
17972,4478,3075,1403
17974,111,83,28
17976,3514,1986,1528
17978,121,96,25
17979,98,57,41
17980,1350,918,432
17981,1075,683,392
17982,196,134,62
17983,658,511,147
17985,404,304,100
18011,1807,1370,437
18012,32,32,0
18013,6537,4718,1819
18014,4530,3328,1202
18015,10462,6846,3616
18017,14147,9987,4160
18018,13276,7710,5566
18020,6650,5187,1463
18030,384,257,127
18031,1396,923,473
18032,3708,2475,1233
18034,2000,1653,347
18035,21,21,0
18036,4313,3443,870
18037,2821,2056,765
18038,1165,947,218
18040,3329,2613,716
18041,2041,1550,491
18042,14783,9230,5553
18045,8354,6180,2174
18049,7165,4961,2204
18051,1316,1082,234
18052,10442,6861,3581
18053,851,664,187
18054,1521,1141,380
18055,4318,2905,1413
18056,327,235,92
18058,2823,2165,658
18059,409,320,89
18062,5459,4064,1395
18063,235,148,87
18064,7728,5811,1917
18066,1740,1379,361
18067,6285,4607,1678
18069,2148,1766,382
18070,293,243,50
18071,3985,2748,1237
18072,2451,1856,595
18073,2559,1970,589
18074,1964,1599,365
18076,949,624,325
18077,1028,773,255
18078,2355,1845,510
18079,107,82,25
18080,4474,3332,1142
18081,49,26,23
18083,222,160,62
18085,365,272,93
18086,79,62,17
18087,318,208,110
18088,2877,2128,749
18091,2126,1530,596
18092,1056,822,234
18101,1083,534,549
18102,16350,9717,6633
18103,24205,16080,8125
18104,15510,10125,5385
18106,2398,1715,683
18201,15326,9278,6048
18210,1600,1281,319
18211,495,408,87
18214,801,607,194
18216,552,357,195
18218,1056,618,438
18219,664,476,188
18220,157,117,40
18221,146,114,32
18222,2545,1892,653
18224,2628,1592,1036
18225,38,32,6
18229,2828,1969,859
18230,26,10,16
18231,216,133,83
18232,1881,1120,761
18234,178,121,57
18235,7350,5243,2107
18237,1416,902,514
18239,55,31,24
18240,1611,1000,611
18241,326,195,131
18242,89,40,49
18244,183,127,56
18245,168,132,36
18246,86,63,23
18248,280,186,94
18249,1382,1095,287
18250,1290,900,390
18251,40,20,20
18252,4864,3170,1694
18254,346,260,86
18255,1621,1181,440
18256,162,113,49
18301,12253,8918,3335
18321,586,435,151
18322,849,604,245
18323,24,24,0
18324,2505,1974,531
18325,880,573,307
18326,1626,1167,459
18327,342,197,145
18328,2384,1883,501
18330,2406,1956,450
18331,173,124,49
18332,663,517,146
18333,238,212,26
18334,915,671,244
18336,1571,1135,436
18337,4178,3138,1040
18340,67,43,24
18341,65,42,23
18343,1373,997,376
18344,1225,847,378
18346,792,561,231
18347,1237,846,391
18349,37,37,0
18350,625,469,156
18351,221,145,76
18353,3954,3159,795
18354,424,357,67
18355,657,501,156
18356,59,25,34
18357,19,10,9
18360,10109,6971,3138
18370,356,233,123
18372,1027,760,267
18403,2521,1836,685
18405,839,628,211
18407,5984,3873,2111
18411,8152,6005,2147
18413,88,64,24
18414,2024,1517,507
18415,510,347,163
18417,482,361,121
18419,1608,1192,416
18420,110,66,44
18421,1988,1328,660
18424,1860,1362,498
18425,503,328,175
18426,1689,1193,496
18428,3980,2858,1122
18430,25,20,5
18431,5306,3534,1772
18433,2644,1873,771
18434,1787,1108,679
18435,170,122,48
18436,4481,3496,985
18437,93,57,36
18438,416,307,109
18439,263,182,81
18441,79,56,23
18443,153,116,37
18444,4694,3581,1113
18445,718,531,187
18446,1403,1052,351
18447,4095,2737,1358
18451,95,75,20
18452,2158,1494,664
18453,416,294,122
18455,34,27,7
18456,194,138,56
18457,29,18,11
18458,878,629,249
18459,33,24,9
18460,115,67,48
18461,201,133,68
18462,188,146,42
18464,410,292,118
18465,612,429,183
18466,3884,3189,695
18469,83,58,25
18470,857,625,232
18471,238,177,61
18472,1460,1066,394
18473,246,169,77
18503,466,58,408
18504,9425,5861,3564
18505,8810,5203,3607
18507,2042,1458,584
18508,4903,3040,1863
18509,5388,3057,2331
18510,5019,2639,2380
18512,5605,3490,2115
18517,2191,1522,669
18518,3752,2470,1282
18519,2342,1491,851
18601,80,66,14
18602,101,61,40
18603,8095,5402,2693
18610,1187,971,216
18611,44,26,18
18612,5479,3945,1534
18614,1089,716,373
18615,694,505,189
18616,289,216,73
18617,819,503,316
18618,1570,1081,489
18619,119,79,40
18621,1825,1401,424
18622,114,88,26
18623,1037,769,268
18624,166,117,49
18625,89,73,16
18626,103,65,38
18628,119,51,68
18629,646,458,188
18630,1214,922,292
18631,480,381,99
18632,199,108,91
18634,6200,3797,2403
18635,1552,1120,432
18636,600,395,205
18640,7307,4893,2414
18641,2696,1781,915
18642,1776,1136,640
18643,5680,3776,1904
18644,3245,2173,1072
18651,4075,2616,1459
18653,50,39,11
18655,2611,1908,703
18656,855,635,220
18657,4872,3426,1446
18660,1266,970,296
18661,2221,1601,620
18701,1416,242,1174
18702,21040,12583,8457
18704,14257,8675,5582
18705,6817,4361,2456
18706,3277,2122,1155
18707,5170,4124,1046
18708,3391,2565,826
18709,1438,792,646
18801,3357,2388,969
18810,2430,1659,771
18812,648,516,132
18813,66,37,29
18814,64,46,18
18816,69,57,12
18817,126,98,28
18818,456,337,119
18820,33,25,8
18821,531,335,196
18822,1390,946,444
18823,89,57,32
18824,465,337,128
18825,82,61,21
18826,694,514,180
18827,59,43,16
18828,73,37,36
18829,288,212,76
18830,309,227,82
18831,436,321,115
18832,611,461,150
18833,756,543,213
18834,1357,1006,351
18837,1249,974,275
18839,65,44,21
18840,4545,2944,1601
18842,84,57,27
18844,610,454,156
18845,158,125,33
18846,334,250,84
18847,2144,1531,613
18848,3744,2584,1160
18850,769,592,177
18851,263,213,50
18853,1572,1123,449
18854,576,402,174
18901,17031,12287,4744
18914,6370,5012,1358
18915,282,202,80
18917,840,517,323
18920,209,147,62
18923,119,99,20
18925,1032,855,177
18927,69,38,31
18929,2531,2271,260
18930,940,729,211
18932,158,119,39
18936,11,6,5
18938,5641,3661,1980
18940,9797,7534,2263
18942,1425,1083,342
18944,7631,5805,1826
18947,2075,1646,429
18951,11514,8372,3142
18954,3139,2899,240
18955,426,313,113
18960,4234,3093,1141
18962,169,121,48
18964,4842,3520,1322
18966,14300,11106,3194
18969,5468,4122,1346
18970,54,38,16
18972,1463,1049,414
18974,13428,10431,2997
18976,5451,4277,1174
18977,1383,1138,245
18980,105,88,17
19001,6307,4625,1682
19002,11500,8446,3054
19003,5601,3147,2454
19004,3726,2642,1084
19006,7735,5804,1931
19007,8499,5549,2950
19008,7407,5696,1711
19009,20,20,0
19010,8016,4756,3260
19012,2325,1829,496
19013,13610,8615,4995
19014,7464,5646,1818
19015,6527,4412,2115
19018,9777,6060,3717
19020,20734,13861,6873
19021,3799,2652,1147
19022,1570,990,580
19023,7456,5219,2237
19025,1765,1538,227
19026,12863,8270,4593
19027,7688,5263,2425
19029,1699,1114,585
19030,5098,3687,1411
19031,1760,1157,603
19032,2503,1853,650
19033,3179,2292,887
19034,2060,1539,521
19035,1443,1057,386
19036,5505,3633,1872
19038,11895,8263,3632
19040,8064,5658,2406
19041,2527,1422,1105
19043,1127,824,303
19044,6525,4325,2200
19046,8058,4941,3117
19047,10906,8309,2597
19050,11664,7266,4398
19053,9272,6966,2306
19054,6401,4795,1606
19055,4885,3774,1111
19056,5582,4100,1482
19057,6173,4601,1572
19061,9876,7191,2685
19063,14519,9154,5365
19064,8636,6788,1848
19066,2031,1526,505
19067,20290,14830,5460
19070,2788,1863,925
19072,4132,2571,1561
19073,6369,4528,1841
19074,2277,1527,750
19075,2775,2123,652
19076,2598,1627,971
19078,4594,2952,1642
19079,3365,2318,1047
19081,3491,2470,1021
19082,14825,9354,5471
19083,13285,9951,3334
19085,1902,1606,296
19086,4146,3190,956
19087,12226,7760,4466
19090,7531,5191,2340
19094,1786,1064,722
19095,2700,1746,954
19096,5277,3694,1583
19102,2596,531,2065
19103,13297,2866,10431
19104,17293,6276,11017
19106,5257,1607,3650
19107,6627,1269,5358
19108,0,0,0
19111,24074,15077,8997
19112,0,0,0
19113,48,31,17
19114,13407,8204,5203
19115,13758,8803,4955
19116,12588,8792,3796
19118,4320,2278,2042
19119,12104,7236,4868
19120,22447,16823,5624
19121,12578,7714,4864
19122,5791,3900,1891
19123,4097,1968,2129
19124,22341,15357,6984
19125,8417,5537,2880
19126,5906,3843,2063
19127,2417,1010,1407
19128,15952,8765,7187
19129,4119,2257,1862
19130,11717,4137,7580
19131,19002,10215,8787
19132,15725,10010,5715
19133,8624,6347,2277
19134,19938,13764,6174
19135,12220,7924,4296
19136,13378,8564,4814
19137,3187,2055,1132
19138,12276,8880,3396
19139,17495,10493,7002
19140,18906,13309,5597
19141,12161,7871,4290
19142,10008,7212,2796
19143,26364,16759,9605
19144,19515,10277,9238
19145,18079,11583,6496
19146,14821,7894,6927
19147,16203,6746,9457
19148,19196,12534,6662
19149,18978,12654,6324
19150,9864,6882,2982
19151,12050,7884,4166
19152,13300,8278,5022
19153,5144,3299,1845
19154,12803,9612,3191
19301,2752,1862,890
19310,957,745,212
19311,1582,1323,259
19312,4130,3136,994
19316,105,96,9
19317,3360,2680,680
19319,23,23,0
19320,14775,10905,3870
19330,1536,1215,321
19333,3274,1853,1421
19335,14403,11243,3160
19341,5971,3925,2046
19342,4724,3680,1044
19343,2350,1973,377
19344,3381,2524,857
19345,0,0,0
19348,6718,4716,2002
19350,3053,2656,397
19352,1924,1678,246
19355,8238,6088,2150
19358,189,154,35
19362,1635,1321,314
19363,4725,3488,1237
19365,2295,1735,560
19367,57,42,15
19369,167,101,66
19372,544,401,143
19373,693,651,42
19374,293,231,62
19380,18093,12615,5478
19382,17861,11910,5951
19390,3539,2798,741
19401,14842,8983,5859
19403,15784,10595,5189
19405,2141,1297,844
19406,9664,5629,4035
19421,33,33,0
19422,7003,5078,1925
19425,2646,2086,560
19426,9529,7470,2059
19428,6970,4178,2792
19435,35,28,7
19436,291,89,202
19437,193,164,29
19438,7350,5851,1499
19440,6722,4843,1879
19444,3783,2774,1009
19446,19996,13787,6209
19453,720,451,269
19454,9589,6664,2925
19457,66,51,15
19460,13013,8712,4301
19462,5516,3942,1574
19464,16656,11330,5326
19465,5428,3948,1480
19468,8173,5665,2508
19472,89,74,15
19473,4647,3473,1174
19474,312,203,109
19475,3611,2570,1041
19478,78,51,27
19492,128,85,43
19501,404,287,117
19503,397,293,104
19504,1963,1554,409
19505,934,713,221
19506,2336,1797,539
19507,1300,1030,270
19508,5715,4348,1367
19510,1804,1452,352
19511,112,92,20
19512,6822,4959,1863
19516,118,86,32
19518,4078,3165,913
19519,48,26,22
19520,2238,1779,459
19522,5317,4059,1258
19523,55,24,31
19525,3487,2847,640
19526,4211,2947,1264
19529,1100,895,205
19530,4530,2860,1670
19533,2260,1675,585
19534,774,604,170
19536,186,125,61
19539,1628,1282,346
19540,4252,3325,927
19541,1219,1034,185
19543,1211,961,250
19544,70,50,20
19545,60,60,0
19547,1425,1043,382
19549,120,80,40
19550,141,109,32
19551,1901,1435,466
19554,86,58,28
19555,1480,1066,414
19559,139,85,54
19560,2863,1908,955
19562,858,584,274
19565,2832,1984,848
19567,1822,1294,528
19601,11682,7268,4414
19602,6721,3677,3044
19604,8326,5591,2735
19605,6812,4798,2014
19606,11660,8400,3260
19607,9120,5502,3618
19608,6355,4994,1361
19609,3978,2687,1291
19610,5948,3871,2077
19611,3879,2378,1501
19701,11096,8471,2625
19702,16233,11560,4673
19703,6456,4016,2440
19706,615,427,188
19707,5207,4306,901
19709,6527,5509,1018
19710,16,8,8
19711,18925,12117,6808
19713,12001,7923,4078
19720,20608,14525,6083
19730,169,109,60
19731,45,23,22
19732,26,19,7
19733,28,6,22
19734,2018,1643,375
19736,22,22,0
19801,5895,3267,2628
19802,9941,6271,3670
19803,8471,6334,2137
19804,7359,4902,2457
19805,15412,9758,5654
19806,5490,1857,3633
19807,3182,2164,1018
19808,15962,10848,5114
19809,6360,3960,2400
19810,10077,7271,2806
19901,12257,8456,3801
19902,0,0,0
19904,9845,6668,3177
19930,1355,889,466
19931,90,61,29
19933,2619,1963,656
19934,3625,2700,925
19938,2111,1667,444
19939,1917,1411,506
19940,1890,1372,518
19941,784,576,208
19942,27,20,7
19943,3587,2721,866
19944,180,120,60
19945,2280,1632,648
19946,1327,859,468
19947,4821,3512,1309
19950,1851,1352,499
19951,398,308,90
19952,3084,2323,761
19953,1516,1191,325
19954,548,417,131
19955,82,67,15
19956,5073,3783,1290
19958,6447,4203,2244
19960,1772,1385,387
19962,1992,1606,386
19963,6039,4221,1818
19964,363,283,80
19966,7602,5369,2233
19967,200,128,72
19968,2644,1805,839
19970,2065,1460,605
19971,4779,2716,2063
19973,8031,5849,2182
19975,2701,1972,729
19977,4466,3195,1271
19979,222,181,41
19980,24,18,6
20001,12088,6084,6004
20002,21258,10308,10950
20003,10171,4082,6089
20004,559,118,441
20005,6265,1384,4881
20006,657,34,623
20007,12684,4295,8389
20008,16097,4687,11410
20009,25025,6946,18079
20010,10891,5737,5154
20011,22918,13553,9365
20012,5485,3235,2250
20015,6014,3530,2484
20016,14048,6355,7693
20017,7081,3869,3212
20018,6910,3873,3037
20019,21321,13113,8208
20020,19372,12230,7142
20024,7003,2285,4718
20032,11567,7513,4054
20036,2981,374,2607
20037,6815,1006,5809
20105,545,392,153
20106,1289,1129,160
20109,11055,7330,3725
20110,13014,9538,3476
20111,7778,6229,1549
20112,5986,5327,659
20115,2145,1603,542
20117,1145,703,442
20118,92,47,45
20119,1231,1021,210
20120,11564,8957,2607
20121,9564,6421,3143
20124,4714,4075,639
20129,48,38,10
20130,35,18,17
20132,3221,2488,733
20135,1085,783,302
20136,2886,2466,420
20137,634,508,126
20138,41,41,0
20139,12,0,12
20140,21,21,0
20141,1078,927,151
20143,292,261,31
20144,385,318,67
20147,10300,7837,2463
20148,1245,1067,178
20151,5394,4485,909
20152,2452,1873,579
20155,2385,1937,448
20158,1096,860,236
20164,11754,8768,2986
20165,9665,7438,2227
20166,1487,1017,470
20169,1954,1590,364
20170,11900,9333,2567
20171,11022,9296,1726
20175,6350,4570,1780
20176,6762,5061,1701
20180,1572,1290,282
20181,2099,1728,371
20184,264,153,111
20186,4189,2709,1480
20187,4418,3813,605
20190,6294,3348,2946
20191,11487,7726,3761
20194,5456,3437,2019
20197,407,330,77
20198,875,565,310
20319,22,22,0
20332,219,214,5
20336,1139,1116,23
20375,0,0,0
20601,7650,6061,1589
20602,7529,5629,1900
20603,7001,5550,1451
20606,173,127,46
20607,2420,2007,413
20608,343,279,64
20609,488,386,102
20611,262,198,64
20612,90,51,39
20613,2917,2204,713
20615,177,145,32
20616,1720,1221,499
20617,261,197,64
20618,221,143,78
20619,2514,1694,820
20620,628,422,206
20621,421,356,65
20622,999,860,139
20623,710,620,90
20624,287,232,55
20625,343,252,91
20626,195,138,57
20628,105,83,22
20629,163,117,46
20630,139,112,27
20632,195,146,49
20634,1940,1363,577
20636,2868,2188,680
20637,1379,1167,212
20639,3703,3221,482
20640,3082,2262,820
20645,181,156,25
20646,5547,4384,1163
20650,3742,2854,888
20653,7056,4746,2310
20657,6142,4846,1296
20658,296,225,71
20659,7030,5777,1253
20662,932,720,212
20664,968,711,257
20667,73,67,6
20670,822,510,312
20674,282,189,93
20675,609,482,127
20676,1150,932,218
20677,701,548,153
20678,3132,2389,743
20680,457,305,152
20684,440,299,141
20685,1840,1430,410
20687,146,70,76
20688,606,288,318
20689,318,276,42
20690,274,213,61
20692,189,106,83
20693,242,203,39
20695,1649,1396,253
20701,17,12,5
20705,8435,5718,2717
20706,13021,9709,3312
20707,10778,6299,4479
20708,10283,6315,3968
20710,3234,1768,1466
20711,2331,1665,666
20712,3691,2051,1640
20714,1602,1080,522
20715,8681,6879,1802
20716,7517,5032,2485
20720,4817,3923,894
20721,7539,5915,1624
20722,1812,1228,584
20723,8694,6332,2362
20724,5063,3332,1731
20732,2852,2199,653
20733,1017,727,290
20735,10851,8653,2198
20736,2145,1829,316
20737,6337,4638,1699
20740,8927,4457,4470
20743,14883,10539,4344
20744,16824,13029,3795
20745,10424,7087,3337
20746,11213,7347,3866
20747,15183,10425,4758
20748,15628,10327,5301
20751,840,638,202
20754,2121,1858,263
20755,2448,2391,57
20758,294,221,73
20759,551,479,72
20762,1918,1875,43
20763,872,619,253
20764,1498,1144,354
20765,148,128,20
20769,1648,1407,241
20770,9243,4903,4340
20772,12396,9253,3143
20774,12214,8861,3353
20776,1188,933,255
20777,956,821,135
20778,651,518,133
20779,456,345,111
20781,3858,2491,1367
20782,10676,6726,3950
20783,13844,9562,4282
20784,9516,6699,2817
20785,13059,10079,2980
20794,3233,2355,878
20812,81,62,19
20814,12085,5903,6182
20815,12559,7353,5206
20816,6063,4319,1744
20817,13252,10177,3075
20818,755,530,225
20832,8137,6786,1351
20833,1994,1756,238
20837,1992,1681,311
20838,73,64,9
20839,38,33,5
20841,661,500,161
20842,721,542,179
20850,12033,8526,3507
20851,4707,3269,1438
20852,15694,8768,6926
20853,9579,7593,1986
20854,15126,13537,1589
20855,5436,4526,910
20860,423,255,168
20861,567,474,93
20862,112,108,4
20866,4090,2940,1150
20868,68,60,8
20871,972,821,151
20872,4011,3270,741
20874,18689,12866,5823
20876,7674,5744,1930
20877,10701,7055,3646
20878,19227,14659,4568
20879,7333,5424,1909
20880,183,141,42
20882,3868,3427,441
20886,12573,8502,4071
20895,7243,4921,2322
20896,236,178,58
20901,12440,8393,4047
20902,15162,10565,4597
20903,7149,5368,1781
20904,18129,12790,5339
20905,5814,5046,768
20906,23711,15232,8479
20910,16238,7885,8353
20912,9625,5652,3973
21001,7606,5269,2337
21005,807,733,74
21009,8672,6487,2185
21010,249,243,6
21012,7514,5814,1700
21013,1284,1153,131
21014,12281,8991,3290
21015,8395,6762,1633
21017,2351,1567,784
21028,984,828,156
21029,2323,2128,195
21030,10513,5772,4741
21031,0,0,0
21032,2867,2181,686
21034,1307,989,318
21035,2490,2213,277
21036,691,613,78
21037,6210,4502,1708
21040,7951,5983,1968
21042,12009,10212,1797
21043,11990,8278,3712
21044,16007,10533,5474
21045,14301,10048,4253
21046,5913,4020,1893
21047,3904,3398,506
21048,3636,3053,583
21050,5266,4260,1006
21051,25,25,0
21052,134,111,23
21053,960,794,166
21054,2304,1902,402
21056,152,117,35
21057,1471,1084,387
21060,10567,6998,3569
21061,19901,13163,6738
21071,143,126,17
21074,4641,3622,1019
21075,7276,5121,2155
21076,2600,2106,494
21077,134,118,16
21078,6302,4210,2092
21082,377,291,86
21084,2484,2118,366
21085,5609,4246,1363
21087,1876,1556,320
21090,3678,2729,949
21093,14474,9755,4719
21102,3245,2602,643
21104,1310,1170,140
21105,32,32,0
21108,6006,4806,1200
21111,1808,1395,413
21113,8022,5795,2227
21114,9167,6753,2414
21117,16956,10877,6079
21120,2320,1956,364
21122,20296,15882,4414
21128,2639,1982,657
21130,49,44,5
21131,2695,2346,349
21132,868,721,147
21133,10480,7532,2948
21136,11125,8273,2852
21140,1275,1021,254
21144,9654,7851,1803
21146,8677,7100,1577
21152,2061,1291,770
21154,1927,1563,364
21155,971,711,260
21156,155,146,9
21157,12622,9292,3330
21158,6394,4979,1415
21160,818,702,116
21161,1795,1504,291
21162,1091,853,238
21163,1051,803,248
21201,8150,2046,6104
21202,7724,3044,4680
21204,7095,3602,3493
21205,6321,4461,1860
21206,19898,12740,7158
21207,18285,12427,5858
21208,13663,8589,5074
21209,10553,6016,4537
21210,5652,2461,3191
21211,7806,3734,4072
21212,13403,8272,5131
21213,13500,9364,4136
21214,8334,5234,3100
21215,25144,16230,8914
21216,13812,9053,4759
21217,16820,8943,7877
21218,21035,10774,10261
21219,3527,2566,961
21220,14118,9931,4187
21221,17368,11387,5981
21222,21957,15212,6745
21223,10977,6915,4062
21224,19718,11335,8383
21225,11878,8145,3733
21226,2700,1648,1052
21227,12975,8883,4092
21228,18741,11856,6885
21229,19435,12361,7074
21230,14002,7584,6418
21231,7605,3285,4320
21234,29418,18510,10908
21236,15243,10198,5045
21237,10281,6730,3551
21239,11925,7390,4535
21244,12450,8192,4258
21286,8375,4824,3551
21401,20367,13336,7031
21402,480,432,48
21403,12736,7665,5071
21405,230,195,35
21502,17483,11090,6393
21520,761,554,207
21521,561,421,140
21522,11,11,0
21523,111,84,27
21524,290,200,90
21528,52,33,19
21529,264,201,63
21530,551,454,97
21531,951,668,283
21532,5420,3226,2194
21536,1465,1082,383
21538,340,249,91
21539,1143,807,336
21540,37,17,20
21541,489,316,173
21542,177,130,47
21543,51,51,0
21545,882,671,211
21550,5587,4052,1535
21555,738,564,174
21557,785,636,149
21560,6,0,6
21561,1005,760,245
21562,1370,962,408
21601,8166,5150,3016
21607,208,172,36
21610,201,133,68
21612,330,261,69
21613,6972,4379,2593
21617,2395,1755,640
21619,2211,1576,635
21620,4769,3104,1665
21622,180,161,19
21623,604,465,139
21624,72,53,19
21625,946,794,152
21626,75,47,28
21627,27,0,27
21628,216,121,95
21629,2971,2106,865
21631,907,674,233
21632,2408,1786,622
21634,251,148,103
21635,702,508,194
21636,443,398,45
21638,1551,1163,388
21639,1462,1049,413
21640,482,347,135
21641,83,58,25
21643,1966,1442,524
21644,41,34,7
21645,388,298,90
21647,242,168,74
21648,165,132,33
21649,504,376,128
21650,91,72,19
21651,776,583,193
21653,59,55,4
21654,673,471,202
21655,1834,1404,430
21657,246,180,66
21658,1432,1130,302
21659,597,389,208
21660,1255,932,323
21661,1278,845,433
21662,288,205,83
21663,1637,1055,582
21664,193,136,57
21665,84,64,20
21666,4124,3258,866
21667,105,77,28
21668,717,550,167
21669,83,55,28
21671,346,245,101
21672,115,75,40
21673,1245,946,299
21675,97,93,4
21676,101,75,26
21677,175,139,36
21678,894,700,194
21679,116,82,34
21701,13139,8018,5121
21702,11537,8038,3499
21703,9619,6908,2711
21704,1390,1187,203
21710,1120,862,258
21711,428,298,130
21713,3172,2386,786
21716,1876,1303,573
21717,22,13,9
21718,68,51,17
21719,590,407,183
21722,1892,1548,344
21723,128,104,24
21727,1478,1098,380
21733,312,228,84
21734,397,226,171
21737,267,267,0
21738,860,778,82
21740,21519,13685,7834
21742,10195,7215,2980
21750,1577,1133,444
21754,1923,1738,185
21755,1932,1561,371
21756,844,693,151
21757,1050,869,181
21758,1453,1113,340
21762,65,54,11
21766,290,179,111
21767,587,376,211
21769,3342,2736,606
21770,1677,1424,253
21771,8238,7075,1163
21773,1559,1308,251
21774,2892,2413,479
21776,1826,1495,331
21777,384,330,54
21778,404,326,78
21779,265,225,40
21780,534,443,91
21782,1561,1171,390
21783,2979,2267,712
21784,11631,9516,2115
21787,3191,2492,699
21788,4188,3153,1035
21790,30,13,17
21791,1899,1568,331
21793,3169,2684,485
21794,523,474,49
21795,3260,2274,986
21797,2431,2045,386
21798,605,497,108
21801,9563,6540,3023
21804,12547,8050,4497
21810,18,18,0
21811,8210,5980,2230
21813,897,720,177
21814,197,124,73
21817,2346,1576,770
21821,488,352,136
21822,775,565,210
21824,144,89,55
21826,1496,951,545
21829,170,102,68
21830,1131,862,269
21835,199,143,56
21837,959,671,288
21838,728,512,216
21840,187,146,41
21841,349,276,73
21842,5020,2704,2316
21849,1066,823,243
21850,1095,782,313
21851,2923,1969,954
21853,3113,1907,1206
21856,443,338,105
21861,246,178,68
21862,24,8,16
21863,1864,1386,478
21864,229,188,41
21865,106,46,60
21866,34,8,26
21867,57,38,19
21869,452,321,131
21871,773,556,217
21872,245,194,51
21874,880,649,231
21875,1980,1498,482
21901,4492,3340,1152
21902,0,0,0
21903,2046,1428,618
21904,2436,1813,623
21911,3129,2439,690
21912,425,338,87
21913,206,119,87
21914,304,202,102
21915,1212,870,342
21917,657,558,99
21918,1427,1144,283
21919,1005,741,264
21920,44,30,14
21921,13815,10284,3531
21930,59,44,15
22003,19067,13889,5178
22015,14573,11845,2728
22026,7295,5775,1520
22027,497,394,103
22030,13142,9185,3957
22031,10063,6562,3501
22032,9607,8153,1454
22033,13503,8351,5152
22039,5647,5395,252
22041,10320,6167,4153
22042,11220,7389,3831
22043,9052,5735,3317
22044,5206,3043,2163
22046,5831,3660,2171
22060,2408,2008,400
22066,5471,4969,502
22079,6198,4566,1632
22101,10513,8190,2323
22102,8457,4711,3746
22124,5300,3951,1349
22125,53,19,34
22134,1679,1463,216
22150,7430,5489,1941
22151,5720,4296,1424
22152,10166,7683,2483
22153,10865,9048,1817
22172,2391,1560,831
22180,8157,6033,2124
22181,5000,4085,915
22182,7997,6486,1511
22191,13440,10023,3417
22192,17876,13257,4619
22193,19567,16053,3514
22201,13791,4499,9292
22202,9669,3093,6576
22203,8792,3590,5202
22204,19504,10467,9037
22205,6388,4062,2326
22206,9059,3842,5217
22207,11413,7606,3807
22209,6920,1968,4952
22211,177,166,11
22213,1088,690,398
22301,4733,2477,2256
22302,7274,3469,3805
22303,6832,3206,3626
22304,19813,8869,10944
22305,6116,3414,2702
22306,10835,7077,3758
22307,4528,2547,1981
22308,4667,3679,988
22309,10868,7787,3081
22310,10239,6899,3340
22311,8044,3469,4575
22312,10339,6772,3567
22314,13637,5413,8224
22315,9022,5813,3209
22401,8086,3942,4144
22405,8129,6465,1664
22406,4106,3057,1049
22407,14198,11049,3149
22408,6676,5128,1548
22427,1174,826,348
22432,152,121,31
22433,26,20,6
22435,905,612,293
22436,222,168,54
22437,276,170,106
22438,219,171,48
22443,3093,2034,1059
22448,208,208,0
22454,764,574,190
22460,751,527,224
22469,821,568,253
22473,2232,1507,725
22476,163,117,46
22480,336,231,105
22482,1222,803,419
22485,5884,4342,1542
22488,697,470,227
22503,1984,1353,631
22504,123,106,17
22507,19,6,13
22508,3041,2342,699
22509,20,20,0
22511,576,426,150
22514,772,565,207
22520,2067,1478,589
22529,45,24,21
22534,687,532,155
22535,200,138,62
22538,94,76,18
22539,1050,723,327
22542,666,454,212
22546,3642,2888,754
22548,10,10,0
22553,8480,7026,1454
22554,17934,14999,2935
22560,2249,1485,764
22567,769,571,198
22572,2303,1587,716
22576,746,566,180
22578,1251,895,356
22579,8,8,0
22580,1777,1363,414
22601,10336,5931,4405
22602,7859,6061,1798
22603,4429,3182,1247
22610,692,504,188
22611,2950,2135,815
22620,976,684,292
22624,829,634,195
22625,1037,823,214
22626,7,0,7
22627,232,193,39
22630,9917,6931,2986
22637,654,523,131
22639,232,168,64
22640,223,133,90
22641,59,45,14
22642,1298,908,390
22643,43,35,8
22644,662,531,131
22645,1167,844,323
22646,37,18,19
22650,417,285,132
22652,390,300,90
22654,186,124,62
22655,4886,3722,1164
22656,759,611,148
22657,3385,2370,1015
22660,630,495,135
22663,614,449,165
22664,3006,1977,1029
22701,8221,5893,2328
22709,297,239,58
22711,85,58,27
22712,2254,1776,478
22713,263,190,73
22714,259,223,36
22715,514,421,93
22716,346,262,84
22718,265,218,47
22719,91,74,17
22720,307,235,72
22722,23,16,7
22723,38,31,7
22724,613,481,132
22726,252,151,101
22727,1753,1236,517
22728,1000,765,235
22729,44,35,9
22730,81,81,0
22731,135,103,32
22732,110,72,38
22733,359,294,65
22734,882,714,168
22735,736,605,131
22736,88,72,16
22737,997,796,201
22738,396,303,93
22740,584,340,244
22741,74,56,18
22742,625,525,100
22743,161,124,37
22746,120,103,17
22747,440,318,122
22749,184,125,59
22801,10086,5386,4700
22802,8576,5358,3218
22810,299,203,96
22811,187,143,44
22812,2872,2145,727
22815,2633,1935,698
22820,118,97,21
22821,2016,1532,484
22824,2273,1637,636
22827,4307,3105,1202
22830,627,488,139
22831,248,195,53
22832,297,221,76
22834,509,440,69
22835,4645,3293,1352
22840,1365,989,376
22841,951,750,201
22842,1847,1327,520
22843,1017,780,237
22844,1656,1118,538
22845,15,15,0
22846,330,273,57
22847,371,317,54
22849,1837,1336,501
22850,312,246,66
22851,2191,1608,583
22853,1502,1098,404
22901,13387,8096,5291
22902,7975,4421,3554
22903,13431,6060,7371
22911,4288,3289,999
22920,1353,1030,323
22922,789,524,265
22923,1360,986,374
22924,38,29,9
22931,121,78,43
22932,1851,1370,481
22935,313,234,79
22936,1642,1283,359
22937,446,331,115
22938,475,345,130
22939,1295,973,322
22940,381,244,137
22942,2906,2120,786
22943,213,153,60
22946,54,41,13
22947,1507,1066,441
22948,102,76,26
22949,555,361,194
22952,766,535,231
22954,36,28,8
22957,14,14,0
22958,749,519,230
22959,773,546,227
22960,3565,2554,1011
22963,4365,3455,910
22964,31,18,13
22967,757,507,250
22968,3097,2423,674
22969,448,357,91
22971,755,523,232
22972,173,90,83
22973,2027,1528,499
22974,1201,977,224
22976,141,118,23
22980,12504,8771,3733
22989,93,55,38
23001,10,0,10
23002,3336,2587,749
23004,454,343,111
23005,5286,3740,1546
23009,1876,1492,384
23011,306,250,56
23015,1365,1125,240
23021,140,112,28
23022,256,190,66
23023,54,40,14
23024,2360,1825,535
23025,195,126,69
23027,463,380,83
23030,1840,1392,448
23032,156,125,31
23035,617,493,124
23038,693,471,222
23039,400,283,117
23040,1316,990,326
23043,793,530,263
23045,60,47,13
23047,659,492,167
23050,153,115,38
23055,417,314,103
23056,161,97,64
23059,5932,4438,1494
23060,10500,7306,3194
23061,7101,5480,1621
23062,1099,713,386
23063,1589,1211,378
23064,82,45,37
23065,578,392,186
23066,231,147,84
23068,181,111,70
23069,1063,828,235
23070,128,78,50
23071,515,338,177
23072,4527,3400,1127
23075,3752,2710,1042
23076,246,162,84
23079,119,87,32
23083,680,444,236
23084,486,331,155
23085,167,135,32
23086,876,682,194
23089,1562,1180,382
23091,122,107,15
23092,229,156,73
23093,3878,2788,1090
23102,879,664,215
23103,1400,1158,242
23106,289,241,48
23108,65,43,22
23109,767,545,222
23110,243,166,77
23111,11615,8979,2636
23112,13834,10926,2908
23113,10693,8953,1740
23115,45,34,11
23116,7743,6708,1035
23117,2844,2125,719
23119,94,69,25
23120,948,768,180
23123,659,467,192
23124,1020,785,235
23125,40,22,18
23126,210,158,52
23128,325,273,52
23129,126,102,24
23130,51,51,0
23138,604,440,164
23139,6757,5506,1251
23140,1321,961,360
23141,1815,1466,349
23146,1061,838,223
23148,631,445,186
23149,877,659,218
23150,4436,3244,1192
23153,231,172,59
23156,625,482,143
23161,48,37,11
23163,89,64,25
23168,1632,1268,364
23169,528,338,190
23175,885,572,313
23176,294,215,79
23177,435,303,132
23178,17,10,7
23180,152,104,48
23181,1652,1215,437
23184,14,0,14
23185,15051,10161,4890
23186,0,0,0
23188,9016,6810,2206
23192,2071,1707,364
23219,935,204,731
23220,13416,4736,8680
23221,7401,2567,4834
23222,10298,6871,3427
23223,17079,10733,6346
23224,12275,7969,4306
23225,18066,9403,8663
23226,7013,3920,3093
23227,10581,5501,5080
23228,14527,7837,6690
23229,12886,8734,4152
23230,3191,1642,1549
23231,10378,7513,2865
23233,19749,13368,6381
23234,14492,10214,4278
23235,11903,8389,3514
23236,8709,6795,1914
23237,7364,5692,1672
23294,7642,3748,3894
23298,0,0,0
23301,695,483,212
23302,40,40,0
23303,238,187,51
23304,60,49,11
23306,405,308,97
23307,425,253,172
23308,990,676,314
23310,2227,1432,795
23314,1662,1365,297
23315,495,372,123
23316,56,26,30
23320,17060,11951,5109
23321,10621,8666,1955
23322,16906,14689,2217
23323,10440,8485,1955
23324,8500,5765,2735
23325,6308,4711,1597
23336,2061,1249,812
23337,293,226,67
23347,125,89,36
23350,1525,1062,463
23354,178,153,25
23356,618,413,205
23357,240,145,95
23358,67,22,45
23359,299,226,73
23389,87,46,41
23395,437,308,129
23401,99,61,38
23404,25,9,16
23405,374,282,92
23407,25,18,7
23409,47,37,10
23410,997,697,300
23413,409,261,148
23415,1334,900,434
23416,78,55,23
23417,1782,1131,651
23418,322,221,101
23420,1098,805,293
23421,1568,1107,461
23423,217,122,95
23426,78,42,36
23427,165,106,59
23430,5674,4433,1241
23432,414,316,98
23433,470,376,94
23434,14925,10998,3927
23435,5162,4287,875
23436,285,236,49
23437,1510,1181,329
23438,524,366,158
23440,259,213,46
23441,18,5,13
23442,459,345,114
23451,19241,10184,9057
23452,22304,16431,5873
23454,22585,16422,6163
23455,17548,11892,5656
23456,24121,19945,4176
23457,1367,1051,316
23459,203,203,0
23461,44,44,0
23462,22433,15759,6674
23464,24284,19691,4593
23480,133,83,50
23487,2103,1565,538
23488,96,96,0
23502,7773,5413,2360
23503,13368,7648,5720
23504,8009,5404,2605
23505,12144,7158,4986
23507,3570,1282,2288
23508,6510,3496,3014
23509,5053,3136,1917
23510,1802,841,961
23513,11084,7375,3709
23517,2087,792,1295
23518,12060,7895,4165
23521,505,505,0
23523,2718,1828,890
23601,10344,6603,3741
23602,16058,11076,4982
23603,1326,907,419
23604,964,948,16
23605,6102,3762,2340
23606,11083,6748,4335
23607,10110,6314,3796
23608,15279,11309,3970
23651,374,345,29
23661,5866,3881,1985
23662,4166,3384,782
23663,5637,4087,1550
23664,4435,2844,1591
23665,1800,1747,53
23666,19809,13095,6714
23669,15949,10727,5222
23690,890,619,271
23691,23,23,0
23692,6396,4973,1423
23693,6338,5096,1242
23696,1280,991,289
23701,10332,7340,2992
23702,4412,2982,1430
23703,9670,7010,2660
23704,7483,4488,2995
23707,6240,3808,2432
23708,0,0,0
23801,1405,1231,174
23803,15218,10126,5092
23805,7301,4971,2330
23821,654,475,179
23824,2760,1899,861
23827,537,396,141
23828,223,164,59
23829,479,333,146
23830,496,375,121
23831,9258,7068,2190
23832,8656,6985,1671
23833,764,550,214
23834,9777,6889,2888
23836,3085,2444,641
23837,1525,1065,460
23838,3731,3245,486
23839,364,292,72
23840,543,383,160
23841,1210,948,262
23842,1997,1522,475
23843,288,179,109
23844,341,216,125
23845,150,111,39
23846,333,241,92
23847,5112,3485,1627
23850,347,270,77
23851,5408,3743,1665
23856,568,381,187
23857,193,165,28
23860,10878,7587,3291
23866,751,565,186
23867,985,658,327
23868,1963,1325,638
23872,880,644,236
23874,369,279,90
23875,3236,2524,712
23876,203,157,46
23878,504,363,141
23879,244,161,83
23881,838,594,244
23882,1052,733,319
23883,897,669,228
23885,987,780,207
23887,255,221,34
23888,911,615,296
23889,235,204,31
23890,1600,1071,529
23893,275,131,144
23894,281,199,82
23897,235,179,56
23898,764,646,118
23899,126,86,40
23901,5067,3095,1972
23915,260,160,100
23917,1290,874,416
23919,816,598,218
23920,1442,952,490
23921,791,524,267
23922,963,634,329
23923,894,662,232
23924,2758,1838,920
23927,1918,1347,571
23930,2310,1639,671
23934,280,198,82
23936,2076,1456,620
23937,822,567,255
23938,169,92,77
23939,27,27,0
23942,466,348,118
23943,94,46,48
23944,1742,1226,516
23947,1817,1238,579
23950,1289,904,385
23952,73,48,25
23954,710,510,200
23958,1174,877,297
23959,516,373,143
23960,641,439,202
23962,55,27,28
23963,190,144,46
23964,593,404,189
23966,668,529,139
23967,497,358,139
23968,336,238,98
23970,3228,2263,965
23974,1705,1120,585
23976,84,53,31
24011,0,0,0
24012,12146,7380,4766
24013,3201,2015,1186
24014,10257,6235,4022
24015,7459,3966,3493
24016,4081,1754,2327
24017,9477,6260,3217
24018,12194,8507,3687
24019,9582,7129,2453
24020,0,0,0
24053,1163,843,320
24054,2533,1893,640
24055,5905,4322,1583
24058,88,51,37
24059,308,248,60
24060,16962,7338,9624
24064,1858,1485,373
24065,2261,1662,599
24066,1887,1396,491
24067,873,612,261
24069,840,605,235
24070,406,316,90
24072,390,256,134
24073,10292,7235,3057
24076,371,270,101
24077,230,147,83
24078,3381,2193,1188
24079,726,570,156
24082,112,83,29
24083,746,623,123
24084,4308,3091,1217
24085,874,682,192
24086,73,55,18
24087,1428,1029,399
24088,1489,1086,403
24089,1085,712,373
24090,1538,1178,360
24091,2725,1940,785
24092,1074,809,265
24093,90,60,30
24094,26,4,22
24095,1614,1256,358
24101,2027,1599,428
24102,717,524,193
24104,1427,1074,353
24105,153,113,40
24112,14447,9753,4694
24120,887,626,261
24121,3682,2923,759
24122,798,583,215
24124,1952,1362,590
24127,1692,1234,458
24128,811,574,237
24131,66,41,25
24132,204,132,72
24133,1060,831,229
24134,2272,1647,625
24136,1310,924,386
24137,1006,760,246
24138,551,460,91
24139,167,116,51
24141,8342,4301,4041
24142,7,7,0
24147,434,317,117
24148,3491,2562,929
24149,1079,819,260
24150,166,105,61
24151,7229,5015,2214
24153,14101,9717,4384
24161,156,103,53
24162,961,697,264
24165,703,537,166
24167,101,60,41
24168,182,132,50
24171,3862,2652,1210
24174,979,733,246
24175,3056,2459,597
24176,456,363,93
24179,7196,5225,1971
24184,1280,967,313
24185,403,271,132
24201,7384,4653,2731
24202,4978,3718,1260
24210,6420,4153,2267
24211,3585,2766,819
24215,47,23,24
24216,1322,912,410
24217,219,174,45
24218,53,38,15
24219,4505,3239,1266
24220,291,242,49
24221,502,342,160
24224,2748,2064,684
24225,846,622,224
24226,767,542,225
24228,3136,2255,881
24230,3653,2736,917
24236,1377,929,448
24237,470,331,139
24239,106,66,40
24243,884,629,255
24244,2035,1591,444
24245,540,338,202
24248,1107,789,318
24250,607,442,165
24251,3780,2728,1052
24256,1096,790,306
24258,664,501,163
24260,2479,1918,561
24263,2363,1685,678
24265,295,235,60
24266,3558,2554,1004
24269,63,42,21
24270,216,153,63
24271,1083,778,305
24272,219,186,33
24273,2741,1831,910
24277,2460,1648,812
24279,1883,1466,417
24280,283,236,47
24281,987,686,301
24282,423,305,118
24283,897,637,260
24285,29,22,7
24290,937,624,313
24292,282,188,94
24293,4100,2916,1184
24301,6451,4354,2097
24311,867,604,263
24312,991,747,244
24313,286,229,57
24314,570,462,108
24315,1314,959,355
24316,14,14,0
24317,1645,1193,452
24318,296,209,87
24319,2859,2104,755
24322,110,86,24
24323,400,290,110
24324,1011,717,294
24325,373,289,84
24326,539,428,111
24327,10,10,0
24328,559,433,126
24330,1564,1085,479
24333,7547,5128,2419
24340,2203,1582,621
24343,3850,2735,1115
24347,747,563,184
24348,1853,1238,615
24350,538,420,118
24351,225,160,65
24352,370,285,85
24354,6510,4524,1986
24360,2128,1701,427
24361,2079,1437,642
24363,651,492,159
24366,525,389,136
24368,1705,1210,495
24370,2847,2107,740
24374,307,250,57
24375,619,429,190
24377,168,114,54
24378,599,397,202
24380,1020,761,259
24381,1453,1063,390
24382,5944,3925,2019
24401,13702,8798,4904
24412,42,33,9
24413,102,85,17
24415,8,0,8
24416,3524,2434,1090
24421,1475,1172,303
24422,2950,1882,1068
24426,6410,4564,1846
24430,703,470,233
24431,992,738,254
24432,127,94,33
24433,53,49,4
24435,633,490,143
24437,311,255,56
24439,549,391,158
24440,807,626,181
24441,2066,1604,462
24442,61,45,16
24445,1102,793,309
24448,156,89,67
24450,5613,3538,2075
24457,115,86,29
24458,237,152,85
24459,282,237,45
24460,644,512,132
24463,7,0,7
24464,37,20,17
24465,660,413,247
24467,784,632,152
24471,549,423,126
24472,945,664,281
24473,381,286,95
24474,65,50,15
24475,113,85,28
24477,3206,2589,617
24479,518,394,124
24482,1820,1241,579
24483,237,161,76
24484,371,240,131
24485,141,95,46
24486,823,633,190
24487,102,71,31
24501,10566,6123,4443
24502,12417,8431,3986
24503,7157,4924,2233
24504,3640,2240,1400
24517,2274,1543,731
24520,921,663,258
24521,3905,2829,1076
24522,3396,2559,837
24523,7221,5070,2151
24526,797,526,271
24527,1121,899,222
24528,1322,954,368
24529,767,562,205
24530,411,318,93
24531,3540,2455,1085
24533,48,36,12
24534,865,645,220
24536,84,52,32
24538,1363,1005,358
24539,61,47,14
24540,13844,9429,4415
24541,13160,8464,4696
24549,1662,1335,327
24550,2886,2219,667
24551,6249,4792,1457
24553,656,493,163
24554,1704,1299,405
24555,781,561,220
24556,1066,905,161
24557,3360,2338,1022
24558,2668,1931,737
24562,112,86,26
24563,2319,1697,622
24565,522,372,150
24566,539,375,164
24569,363,278,85
24571,734,550,184
24572,6439,4705,1734
24574,1280,1013,267
24577,2216,1620,596
24578,461,344,117
24579,653,431,222
24580,303,199,104
24581,18,7,11
24586,2148,1632,516
24588,3289,2342,947
24589,967,700,267
24590,2693,1891,802
24592,5746,3825,1921
24593,766,594,172
24594,702,490,212
24595,41,3,38
24597,448,354,94
24598,811,603,208
24599,247,192,55
24601,82,67,15
24602,304,189,115
24603,647,489,158
24604,120,88,32
24605,4274,3003,1271
24606,196,150,46
24607,189,141,48
24609,3238,2543,695
24612,135,86,49
24613,478,379,99
24614,3832,2862,970
24620,1223,965,258
24622,493,380,113
24624,37,29,8
24628,160,126,34
24630,2527,1855,672
24631,749,562,187
24634,173,134,39
24635,278,181,97
24637,996,834,162
24639,1394,1042,352
24641,3096,2111,985
24646,346,265,81
24649,961,756,205
24651,2210,1581,629
24656,1665,1281,384
24657,192,112,80
24701,9151,5966,3185
24712,719,496,223
24714,51,37,14
24715,318,199,119
24716,252,210,42
24719,115,82,33
24724,82,48,34
24726,162,121,41
24731,57,46,11
24733,593,432,161
24736,418,336,82
24737,315,251,64
24739,35,28,7
24740,12978,8808,4170
24747,1259,957,302
24801,2221,1451,770
24808,223,165,58
24811,202,163,39
24813,173,140,33
24815,318,233,85
24816,16,16,0
24817,357,262,95
24818,648,534,114
24821,111,99,12
24822,111,95,16
24823,449,363,86
24824,34,34,0
24825,191,145,46
24827,607,471,136
24828,409,322,87
24829,47,31,16
24830,106,70,36
24831,44,29,15
24836,250,167,83
24839,784,570,214
24842,67,60,7
24843,39,31,8
24844,1110,804,306
24845,49,27,22
24846,14,10,4
24848,106,74,32
24849,139,117,22
24850,521,353,168
24851,232,182,50
24852,160,107,53
24853,404,285,119
24854,377,287,90
24855,29,21,8
24856,34,34,0
24857,295,206,89
24860,116,94,22
24861,132,88,44
24862,302,237,65
24866,268,182,86
24867,144,70,74
24868,651,441,210
24869,80,56,24
24870,1672,1272,400
24871,298,217,81
24872,358,267,91
24873,267,218,49
24874,1710,1224,486
24879,197,157,40
24880,104,69,35
24881,347,236,111
24882,53,50,3
24884,119,91,28
24887,27,24,3
24888,57,32,25
24892,975,684,291
24894,50,41,9
24895,56,25,31
24897,29,18,11
24898,45,29,16
24901,3411,2222,1189
24910,1768,1219,549
24915,235,155,80
24916,129,94,35
24918,579,487,92
24919,24,24,0
24920,150,107,43
24924,186,137,49
24925,328,247,81
24927,158,121,37
24931,671,523,148
24934,241,144,97
24935,233,136,97
24936,71,31,40
24938,637,501,136
24941,448,325,123
24943,18,18,0
24944,224,186,38
24945,141,73,68
24946,633,412,221
24950,14,14,0
24951,745,582,163
24954,1595,1017,578
24957,69,60,9
24962,37,15,22
24963,1473,995,478
24966,628,428,200
24970,1972,1331,641
24974,96,70,26
24976,430,341,89
24977,164,107,57
24981,263,200,63
24983,962,649,313
24984,88,42,46
24985,156,104,52
24986,2212,1436,776
24991,164,142,22
25002,33,21,12
25003,1255,975,280
25005,141,97,44
25007,107,100,7
25008,195,147,48
25009,617,478,139
25010,228,148,80
25011,263,201,62
25015,2173,1520,653
25019,312,256,56
25021,107,81,26
25022,40,24,16
25024,333,244,89
25025,113,94,19
25028,87,81,6
25030,135,96,39
25031,319,235,84
25033,817,600,217
25035,603,411,192
25036,210,140,70
25039,323,210,113
25040,296,208,88
25043,728,451,277
25044,103,82,21
25045,2412,1828,584
25047,120,108,12
25048,11,11,0
25049,130,100,30
25051,54,38,16
25053,1320,951,369
25054,243,154,89
25057,104,77,27
25059,241,184,57
25060,142,104,38
25063,488,331,157
25064,4663,2723,1940
25067,724,528,196
25070,465,329,136
25071,4655,3470,1185
25075,278,179,99
25076,110,92,18
25081,248,172,76
25082,553,395,158
25083,257,165,92
25085,566,368,198
25086,447,327,120
25088,20,6,14
25090,96,75,21
25102,136,106,30
25103,176,129,47
25106,286,203,83
25107,340,257,83
25108,180,134,46
25109,255,198,57
25110,246,182,64
25111,157,128,29
25113,413,298,115
25114,133,93,40
25115,41,32,9
25118,171,119,52
25119,128,99,29
25121,454,323,131
25123,1378,1044,334
25124,451,336,115
25125,438,360,78
25126,145,81,64
25130,2284,1638,646
25132,243,194,49
25133,388,278,110
25134,216,179,37
25136,937,487,450
25139,182,127,55
25140,651,438,213
25141,138,118,20
25143,3610,2383,1227
25148,80,70,10
25149,104,85,19
25150,52,40,12
25152,163,150,13
25154,364,242,122
25159,1803,1309,494
25160,102,71,31
25161,412,330,82
25162,282,190,92
25164,328,236,92
25165,45,30,15
25168,1338,1050,288
25169,146,122,24
25173,337,230,107
25174,498,361,137
25177,10476,7240,3236
25181,1129,834,295
25183,101,77,24
25186,438,255,183
25187,265,195,70
25193,246,163,83
25202,426,371,55
25204,165,118,47
25205,80,55,25
25206,268,216,52
25208,197,128,69
25209,564,383,181
25211,79,79,0
25213,1904,1441,463
25214,316,219,97
25231,27,20,7
25234,412,331,81
25235,376,284,92
25239,614,481,133
25241,533,418,115
25243,358,302,56
25244,290,238,52
25245,318,274,44
25247,192,115,77
25248,1118,826,292
25251,276,204,72
25252,370,266,104
25253,757,569,188
25259,267,205,62
25260,743,563,180
25261,88,67,21
25262,468,358,110
25264,169,116,53
25265,713,491,222
25266,300,193,107
25267,385,269,116
25268,385,256,129
25270,380,263,117
25271,3261,2316,945
25275,915,740,175
25276,3258,2323,935
25279,131,105,26
25281,18,12,6
25283,139,122,17
25285,182,131,51
25286,647,508,139
25287,219,150,69
25301,1957,516,1441
25302,7664,4475,3189
25303,3227,1980,1247
25304,3943,2244,1699
25306,3212,2186,1026
25309,5483,3476,2007
25311,5245,2833,2412
25312,6659,4521,2138
25313,5616,4021,1595
25314,6375,4385,1990
25315,1548,956,592
25320,2236,1742,494
25401,17442,11607,5835
25411,4555,3188,1367
25413,1969,1536,433
25414,5290,3566,1724
25419,2761,2126,635
25420,1331,997,334
25421,107,107,0
25422,609,384,225
25425,4273,3079,1194
25427,3862,2915,947
25428,2514,1874,640
25430,2358,1887,471
25431,38,18,20
25434,728,529,199
25437,200,151,49
25438,1289,834,455
25441,113,91,22
25442,694,518,176
25443,2036,1291,745
25444,246,206,40
25446,395,330,65
25501,457,337,120
25502,466,355,111
25503,313,266,47
25504,4328,3200,1128
25505,49,35,14
25506,2046,1503,543
25507,650,377,273
25508,3831,2911,920
25510,2026,1593,433
25511,426,302,124
25512,675,505,170
25514,1469,1196,273
25515,860,639,221
25517,602,469,133
25520,549,409,140
25521,378,254,124
25523,1229,878,351
25524,1303,1115,188
25526,7501,5779,1722
25529,620,491,129
25530,2680,1869,811
25534,112,80,32
25535,1100,829,271
25537,933,711,222
25540,77,68,9
25541,3283,2424,859
25544,43,23,20
25545,1714,1422,292
25547,527,441,86
25550,3830,2631,1199
25555,762,589,173
25557,803,581,222
25559,784,623,161
25560,2999,2330,669
25564,432,318,114
25565,297,226,71
25567,270,216,54
25570,2360,1730,630
25571,809,640,169
25573,477,348,129
25601,2863,1859,1004
25606,589,486,103
25607,424,312,112
25608,720,516,204
25611,310,244,66
25612,14,14,0
25617,440,364,76
25621,881,678,203
25624,62,55,7
25625,466,366,100
25628,294,196,98
25630,288,212,76
25632,219,161,58
25634,77,71,6
25635,572,441,131
25636,334,239,95
25637,474,287,187
25638,456,367,89
25639,285,224,61
25644,0,0,0
25646,404,263,141
25647,233,183,50
25649,303,254,49
25650,284,223,61
25651,93,71,22
25652,524,410,114
25653,125,98,27
25654,88,67,21
25661,2460,1577,883
25665,47,38,9
25666,74,70,4
25667,69,61,8
25669,616,439,177
25670,2783,2185,598
25671,776,560,216
25672,106,62,44
25674,1195,902,293
25676,239,186,53
25678,578,384,194
25682,537,403,134
25685,47,36,11
25688,53,33,20
25691,262,186,76
25692,238,196,42
25696,70,61,9
25699,21,16,5
25701,11382,5814,5568
25702,3705,2257,1448
25703,2302,921,1381
25704,7233,4952,2281
25705,9289,6251,3038
25801,15130,9871,5259
25812,848,561,287
25813,1431,984,447
25817,348,288,60
25818,55,26,29
25820,118,90,28
25823,1098,825,273
25825,602,496,106
25826,236,148,88
25827,1192,879,313
25831,515,374,141
25832,1496,1047,449
25836,205,162,43
25837,97,75,22
25839,151,128,23
25840,2645,1908,737
25841,181,148,33
25843,323,252,71
25844,648,506,142
25845,169,128,41
25846,93,67,26
25847,611,425,186
25848,120,99,21
25849,58,48,10
25853,90,61,29
25854,370,274,96
25855,18,10,8
25856,21,21,0
25857,225,180,45
25862,130,107,23
25864,234,141,93
25865,748,543,205
25866,28,12,16
25868,213,143,70
25870,28,16,12
25871,128,88,40
25875,252,212,40
25878,201,148,53
25879,145,82,63
25880,2984,2115,869
25882,1141,766,375
25901,5294,3686,1608
25902,280,203,77
25904,206,133,73
25907,24,20,4
25908,84,59,25
25909,35,18,17
25913,65,52,13
25915,140,85,55
25916,29,18,11
25917,988,647,341
25918,1817,1381,436
25920,57,48,9
25921,845,593,252
25922,173,124,49
25928,279,198,81
25932,153,136,17
25936,34,16,18
25938,525,401,124
25942,72,53,19
25951,2894,1897,997
25958,308,262,46
25962,1838,1300,538
25966,76,55,21
25969,509,379,130
25971,189,144,45
25972,62,48,14
25976,1032,780,252
25977,22,10,12
25978,242,211,31
25979,303,234,69
25981,483,366,117
25984,786,511,275
25985,204,135,69
25986,23,17,6
25989,44,39,5
26003,19285,12017,7268
26030,221,162,59
26031,885,581,304
26032,359,231,128
26033,1361,954,407
26034,2315,1490,825
26035,1002,733,269
26036,157,120,37
26037,2982,2110,872
26038,1431,1081,350
26039,349,302,47
26040,1040,677,363
26041,6716,4656,2060
26047,2702,1998,704
26050,840,620,220
26055,747,559,188
26056,71,38,33
26059,1306,941,365
26060,731,555,176
26062,9586,6529,3057
26070,3838,2744,1094
26074,188,96,92
26075,193,126,67
26101,16644,11027,5617
26104,4074,2297,1777
26105,5141,3431,1710
26133,481,397,84
26134,470,348,122
26136,284,191,93
26137,289,241,48
26138,42,23,19
26141,129,80,49
26142,860,697,163
26143,1822,1375,447
26146,378,284,94
26147,994,700,294
26148,83,63,20
26149,1039,749,290
26150,2125,1699,426
26151,247,188,59
26152,27,14,13
26155,3676,2594,1082
26159,1308,934,374
26160,367,290,77
26161,186,141,45
26162,22,22,0
26164,3271,2378,893
26167,418,270,148
26169,332,260,72
26170,2334,1712,622
26175,1499,1121,378
26178,279,223,56
26180,939,726,213
26181,2507,2081,426
26184,760,629,131
26186,163,134,29
26187,2360,1727,633
26201,7425,5289,2136
26202,241,218,23
26203,106,72,34
26205,1577,1166,411
26206,1251,925,326
26208,389,271,118
26209,113,56,57
26210,59,25,34
26215,41,25,16
26217,183,137,46
26218,969,724,245
26222,213,170,43
26224,97,74,23
26228,27,21,6
26230,57,46,11
26234,522,389,133
26236,25,25,0
26237,117,88,29
26238,294,221,73
26241,5842,3778,2064
26250,1749,1267,482
26253,1473,1130,343
26254,156,127,29
26257,301,225,76
26259,54,40,14
26260,504,301,203
26261,1457,997,460
26263,125,84,41
26264,233,148,85
26266,124,93,31
26267,60,52,8
26268,4,0,4
26269,399,318,81
26270,360,239,121
26271,104,88,16
26273,270,216,54
26275,290,215,75
26276,126,110,16
26278,138,117,21
26280,838,629,209
26282,44,26,18
26283,684,528,156
26285,128,75,53
26287,1373,982,391
26288,1662,1091,571
26289,30,30,0
26291,57,37,20
26292,342,205,137
26293,217,167,50
26294,330,197,133
26296,113,75,38
26298,43,38,5
26301,13369,8521,4848
26302,20,20,0
26320,381,277,104
26321,166,141,25
26323,205,163,42
26325,124,91,33
26327,31,16,15
26330,5061,3682,1379
26332,551,430,121
26334,78,42,36
26335,480,383,97
26337,530,384,146
26338,205,145,60
26339,86,51,35
26342,194,129,65
26343,163,141,22
26346,351,276,75
26347,782,600,182
26348,84,72,12
26349,86,75,11
26351,1297,796,501
26354,4259,2893,1366
26361,92,79,13
26362,1359,907,452
26366,57,41,16
26369,229,167,62
26372,223,177,46
26374,518,443,75
26376,239,159,80
26377,249,215,34
26378,1448,1132,316
26384,155,133,22
26385,1456,1164,292
26386,860,650,210
26404,297,223,74
26405,471,365,106
26408,915,721,194
26410,391,259,132
26411,255,212,43
26412,334,215,119
26415,1107,767,340
26416,2761,1860,901
26419,437,357,80
26421,134,105,29
26422,312,216,96
26424,33,12,21
26425,538,408,130
26426,2131,1433,698
26430,233,154,79
26431,2489,1830,659
26435,35,30,5
26436,70,65,5
26437,242,178,64
26438,11,6,5
26440,442,316,126
26443,136,102,34
26444,1270,916,354
26447,316,215,101
26448,522,380,142
26451,293,231,62
26452,4402,2919,1483
26456,1650,1204,446
26463,56,47,9
26501,8305,4875,3430
26505,13623,5360,8263
26508,8713,6267,2446
26519,596,433,163
26520,269,199,70
26521,169,106,63
26525,1620,1149,471
26529,575,487,88
26531,45,45,0
26534,296,178,118
26537,2350,1641,709
26541,302,226,76
26542,964,661,303
26543,45,24,21
26544,68,39,29
26547,741,598,143
26554,17340,11003,6337
26559,440,300,140
26562,307,196,111
26563,191,140,51
26568,233,157,76
26570,1197,912,285
26571,988,709,279
26572,55,48,7
26574,281,204,77
26575,364,207,157
26576,106,85,21
26581,293,205,88
26582,2045,1488,557
26585,231,200,31
26586,47,47,0
26587,152,115,37
26588,1066,790,276
26589,279,226,53
26590,75,66,9
26591,576,409,167
26601,1970,1396,574
26610,531,428,103
26611,127,87,40
26615,55,34,21
26617,66,54,12
26619,165,129,36
26621,413,276,137
26623,536,401,135
26624,1232,862,370
26627,148,139,9
26629,87,87,0
26631,40,22,18
26634,26,26,0
26636,134,107,27
26638,0,0,0
26639,211,119,92
26641,25,17,8
26651,3725,2537,1188
26656,184,134,50
26660,60,39,21
26662,278,187,91
26667,32,32,0
26671,67,37,30
26674,158,118,40
26676,223,142,81
26678,455,368,87
26679,702,536,166
26680,178,153,25
26681,598,484,114
26684,42,36,6
26690,90,82,8
26691,144,111,33
26704,1782,1334,448
26705,442,321,121
26707,168,107,61
26710,682,496,186
26711,946,663,283
26714,54,54,0
26716,308,226,82
26717,417,350,67
26719,979,687,292
26720,89,54,35
26722,256,170,86
26726,5051,3563,1488
26731,93,81,12
26739,346,278,68
26743,734,541,193
26750,460,293,167
26753,2454,1823,631
26755,74,55,19
26757,2366,1582,784
26761,312,237,75
26763,449,296,153
26764,1552,1170,382
26767,332,202,130
26801,510,368,142
26802,618,427,191
26804,285,204,81
26807,1297,880,417
26808,300,232,68
26810,173,96,77
26812,692,445,247
26814,215,167,48
26815,275,201,74
26817,108,89,19
26818,206,171,35
26823,39,39,0
26833,882,678,204
26836,2527,1756,771
26838,7,7,0
26845,330,219,111
26847,2437,1678,759
26851,761,500,261
26852,328,208,120
26855,294,224,70
26865,114,98,16
26866,363,280,83
26884,214,152,62
26886,97,62,35
27006,4202,3264,938
27007,508,447,61
27009,878,674,204
27011,2118,1599,519
27012,8088,6385,1703
27013,1963,1574,389
27014,248,156,92
27016,676,492,184
27017,3354,2512,842
27018,2917,2134,783
27019,1780,1334,446
27020,2335,1783,552
27021,6203,4625,1578
27022,663,538,125
27023,3830,2999,831
27024,1000,727,273
27025,4176,3105,1071
27027,1914,1208,706
27028,9163,6780,2383
27030,15611,11192,4419
27040,3645,2872,773
27041,2864,2089,775
27042,255,193,62
27043,2091,1625,466
27045,3022,2163,859
27046,833,610,223
27047,449,367,82
27048,3248,2450,798
27050,1520,1172,348
27051,2738,2086,652
27052,4076,3029,1047
27053,1176,898,278
27054,856,659,197
27055,5062,3723,1339
27101,8071,4075,3996
27103,12478,7227,5251
27104,12604,7286,5318
27105,15420,10568,4852
27106,16548,10210,6338
27107,14545,10537,4008
27109,0,0,0
27127,10783,7211,3572
27202,22,5,17
27203,19338,13785,5553
27207,1490,1149,341
27208,662,527,135
27209,1320,974,346
27212,537,420,117
27214,2310,1836,474
27215,14454,9353,5101
27217,12979,9197,3782
27229,1315,1032,283
27231,793,649,144
27233,1337,1059,278
27235,938,685,253
27239,3347,2572,775
27242,754,569,185
27243,1217,902,315
27244,3413,2273,1140
27248,1846,1322,524
27249,4172,3178,994
27252,609,455,154
27253,10135,6969,3166
27256,86,67,19
27258,2090,1485,605
27260,9654,6360,3294
27262,9670,5945,3725
27263,7732,5623,2109
27265,12898,9558,3340
27278,7904,5841,2063
27281,878,687,191
27282,4447,3348,1099
27283,1155,917,238
27284,16754,12474,4280
27288,10331,7088,3243
27291,820,614,206
27292,15335,10887,4448
27295,13571,10088,3483
27298,3732,2783,949
27299,1646,1184,462
27301,2131,1709,422
27302,8646,6363,2283
27305,577,465,112
27306,2491,1852,639
27310,1433,1216,217
27311,1505,1147,358
27312,5124,3627,1497
27313,2476,1903,573
27314,261,205,56
27315,696,461,235
27316,2549,1899,650
27317,5472,4190,1282
27320,15454,11174,4280
27325,2626,1910,716
27326,1467,1104,363
27330,20479,14978,5501
27341,2036,1527,509
27342,13,6,7
27343,714,473,241
27344,5780,4117,1663
27349,1730,1358,372
27350,2221,1709,512
27355,968,746,222
27356,1328,918,410
27357,2453,1877,576
27358,3670,2972,698
27360,16661,11965,4696
27370,5681,4606,1075
27371,2859,2059,800
27376,3083,2346,737
27377,1520,1144,376
27379,1941,1378,563
27401,7358,3826,3532
27403,8457,4216,4241
27405,16190,10181,6009
27406,19552,13571,5981
27407,17065,11019,6046
27408,7863,4948,2915
27409,6689,3083,3606
27410,19388,12413,6975
27455,9521,6166,3355
27501,4947,3700,1247
27502,15736,12400,3336
27503,1303,961,342
27504,5017,3472,1545
27505,1682,1262,420
27506,468,101,367
27507,657,497,160
27508,497,353,144
27509,1467,1073,394
27510,6887,2705,4182
27511,17089,12119,4970
27513,14132,9740,4392
27514,18831,9713,9118
27516,11341,6670,4671
27520,11856,9103,2753
27521,2145,1497,648
27522,3477,2434,1043
27524,3947,2777,1170
27525,3982,2949,1033
27526,9168,7040,2128
27529,11567,8472,3095
27530,14789,10090,4699
27534,12212,9023,3189
27536,15258,10891,4367
27540,4357,3473,884
27541,1371,1018,353
27542,3042,2152,890
27544,1351,1076,275
27545,5747,4353,1394
27546,5158,3728,1430
27549,8027,5801,2226
27551,839,568,271
27553,711,565,146
27555,201,128,73
27557,2557,1925,632
27559,907,608,299
27560,4410,2675,1735
27562,634,497,137
27563,1803,1284,519
27565,8856,6410,2446
27568,27,16,11
27569,2508,1877,631
27570,94,74,20
27571,463,355,108
27572,2344,1883,461
27573,9620,6870,2750
27576,6344,4577,1767
27577,7267,4782,2485
27581,941,747,194
27582,36,26,10
27583,1841,1416,425
27584,44,34,10
27587,10646,8180,2466
27589,3246,2279,967
27591,5678,4111,1567
27592,3271,2481,790
27596,3282,2449,833
27597,6559,4773,1786
27601,3451,1694,1757
27603,12584,7860,4724
27604,13400,8289,5111
27605,2405,623,1782
27606,15373,7240,8133
27607,7210,3726,3484
27608,5059,2548,2511
27609,14580,8380,6200
27610,15020,10651,4369
27612,12389,6641,5748
27613,14651,9660,4991
27614,3790,3303,487
27615,15905,11231,4674
27616,7929,5597,2332
27701,9293,4978,4315
27703,11688,8386,3302
27704,10740,7023,3717
27705,17159,8674,8485
27706,53,42,11
27707,17338,10230,7108
27712,6573,5381,1192
27713,13224,7966,5258
27801,7919,5792,2127
27803,8452,6137,2315
27804,10250,6877,3373
27805,1307,955,352
27806,1078,737,341
27807,2102,1554,548
27808,953,750,203
27809,1830,1349,481
27810,1915,1301,614
27812,1131,793,338
27813,146,108,38
27814,585,459,126
27816,791,551,240
27817,2525,1900,625
27818,546,405,141
27819,205,131,74
27820,1076,751,325
27821,160,115,45
27822,3035,2281,754
27823,3114,2282,832
27824,702,416,286
27826,283,191,92
27827,25,15,10
27828,3512,2475,1037
27829,699,502,197
27830,2034,1403,631
27831,1259,866,393
27832,1259,838,421
27834,16463,10458,6005
27837,1653,1233,420
27839,1279,893,386
27840,156,121,35
27841,14,7,7
27842,657,506,151
27843,563,430,133
27844,967,705,262
27845,799,512,287
27846,1138,870,268
27847,355,242,113
27849,606,422,184
27850,3188,2309,879
27851,1810,1369,441
27852,1064,756,308
27853,283,217,66
27855,2319,1584,735
27856,5531,4176,1355
27857,820,600,220
27858,18314,9518,8796
27860,800,608,192
27862,342,239,103
27863,3024,2285,739
27864,1595,1195,400
27865,772,550,222
27866,338,276,62
27869,1028,757,271
27870,11080,7580,3500
27871,1975,1384,591
27872,143,99,44
27873,145,97,48
27874,2204,1439,765
27875,231,194,37
27876,628,391,237
27877,99,69,30
27878,637,466,171
27880,902,664,238
27882,2352,1706,646
27883,1254,963,291
27884,411,296,115
27885,436,293,143
27886,7509,5349,2160
27888,901,724,177
27889,10241,7158,3083
27890,1052,743,309
27891,1777,1366,411
27892,6054,4359,1695
27893,15864,10329,5535
27896,5457,4101,1356
27897,864,563,301
27909,12925,9114,3811
27910,4362,3004,1358
27915,372,180,192
27916,194,154,40
27917,279,219,60
27919,341,284,57
27920,731,464,267
27921,1216,943,273
27922,395,289,106
27923,239,168,71
27924,1440,1037,403
27925,1438,989,449
27926,643,484,159
27927,303,224,79
27928,793,605,188
27929,267,227,40
27932,4650,3286,1364
27935,567,421,146
27936,134,100,34
27937,1111,828,283
27938,510,422,88
27939,692,463,229
27941,41,28,13
27942,420,330,90
27943,283,178,105
27944,4201,3050,1151
27946,488,366,122
27947,228,173,55
27948,3947,2458,1489
27949,2585,1883,702
27950,679,500,179
27953,449,367,82
27954,2107,1445,662
27956,176,115,61
27957,422,280,142
27958,2494,1965,529
27959,1175,763,412
27960,333,208,125
27962,3172,2273,899
27964,250,162,88
27965,200,151,49
27966,566,456,110
27967,272,183,89
27968,140,89,51
27970,1427,1038,389
27972,124,90,34
27973,404,310,94
27974,461,329,132
27976,876,682,194
27979,612,443,169
27980,933,704,229
27981,608,457,151
27982,30,30,0
27983,3519,2538,981
27985,50,29,21
27986,652,396,256
28001,10430,7302,3128
28006,256,193,63
28007,252,204,48
28009,375,246,129
28012,7539,5205,2334
28016,5541,4134,1407
28017,263,203,60
28018,2248,1562,686
28019,280,209,71
28020,986,776,210
28021,4948,3661,1287
28023,4960,3779,1181
28025,15773,11323,4450
28027,11969,8993,2976
28031,5721,3879,1842
28032,962,669,293
28033,704,608,96
28034,5502,4095,1407
28036,3283,2364,919
28037,5066,3929,1137
28038,43,28,15
28040,2598,1928,670
28043,8244,5871,2373
28052,13644,9886,3758
28054,13783,9121,4662
28056,10249,8174,2075
28071,1078,796,282
28072,103,65,38
28073,1658,1260,398
28075,5188,4206,982
28076,114,87,27
28077,209,146,63
28078,10320,7794,2526
28079,4061,3229,832
28080,2237,1738,499
28081,9226,6702,2524
28083,8172,5611,2561
28086,9331,7047,2284
28088,1284,890,394
28089,49,35,14
28090,3181,2427,754
28091,930,638,292
28092,13337,9932,3405
28097,1151,915,236
28098,1100,759,341
28101,198,158,40
28102,42,33,9
28103,3391,2570,821
28104,6650,5721,929
28105,11694,8874,2820
28107,1917,1483,434
28109,20,20,0
28110,12847,9977,2870
28112,8031,6226,1805
28114,2750,2106,644
28115,9615,6908,2707
28117,7043,5564,1479
28119,992,748,244
28120,6214,4546,1668
28124,1992,1616,376
28125,777,569,208
28127,2456,1815,641
28128,2954,2184,770
28129,1957,1523,434
28133,1133,925,208
28134,2897,1883,1014
28135,1193,825,368
28137,1102,791,311
28138,3683,2849,834
28139,6932,5103,1829
28144,10205,6380,3825
28146,9871,7430,2441
28147,8109,5932,2177
28150,11252,7870,3382
28152,8662,6271,2391
28159,1164,746,418
28160,1714,1099,615
28163,2405,1845,560
28164,4713,3694,1019
28166,2478,1869,609
28167,867,617,250
28168,3524,2634,890
28169,86,62,24
28170,4719,3383,1336
28173,6056,5056,1000
28174,2279,1725,554
28202,2346,749,1597
28203,4797,2271,2526
28204,2281,771,1510
28205,19384,10813,8571
28206,4368,2887,1481
28207,3855,2047,1808
28208,13094,8787,4307
28209,10096,4466,5630
28210,18537,10214,8323
28211,12007,7476,4531
28212,14849,8295,6554
28213,9548,5960,3588
28214,7930,5962,1968
28215,14859,10798,4061
28216,11026,7907,3119
28217,6978,4725,2253
28223,0,0,0
28226,14417,9684,4733
28227,15184,10818,4366
28262,6947,3607,3340
28269,16299,11098,5201
28270,9718,7360,2358
28273,7019,4745,2274
28277,12790,9468,3322
28278,2467,1850,617
28301,13362,8952,4410
28303,12987,8676,4311
28304,13484,10023,3461
28305,2903,1645,1258
28306,11294,8274,3020
28307,4826,4720,106
28311,12498,9001,3497
28314,17254,12847,4407
28315,3801,2640,1161
28318,1565,1198,367
28320,3677,2457,1220
28323,926,637,289
28325,141,101,40
28326,3754,2884,870
28327,5262,3966,1296
28328,9306,6628,2678
28330,134,105,29
28332,222,155,67
28333,4076,3081,995
28334,9127,6299,2828
28337,3591,2401,1190
28338,1848,1290,558
28339,2724,1884,840
28340,4132,3048,1084
28341,1569,1084,485
28342,93,63,30
28343,641,468,173
28344,1006,741,265
28345,4796,3361,1435
28347,603,475,128
28348,9116,7098,2018
28349,1186,893,293
28350,148,110,38
28351,1856,1344,512
28352,9432,6904,2528
28356,1461,1112,349
28357,1023,820,203
28358,13526,9540,3986
28360,4290,3264,1026
28362,36,18,18
28363,410,315,95
28364,4649,3596,1053
28365,5609,3920,1689
28366,1847,1313,534
28367,19,12,7
28368,166,94,72
28369,1053,846,207
28371,1596,1221,375
28372,4197,3049,1148
28373,457,308,149
28374,5280,4019,1261
28376,8687,6765,1922
28377,4022,3023,999
28378,16,16,0
28379,10354,7293,3061
28382,2313,1677,636
28383,2680,2072,608
28384,3700,2757,943
28385,1629,1299,330
28386,1696,1293,403
28387,5747,3607,2140
28390,7591,5349,2242
28391,1681,1317,364
28392,701,511,190
28393,730,537,193
28394,1659,1236,423
28395,845,627,218
28396,1017,702,315
28398,2639,1861,778
28399,805,581,224
28401,9624,4803,4821
28403,13862,6291,7571
28405,10442,7121,3321
28409,10071,7880,2191
28411,6967,5084,1883
28412,10204,6464,3740
28420,1379,1070,309
28421,564,430,134
28422,1870,1402,468
28423,769,571,198
28425,3267,2351,916
28428,2551,1410,1141
28429,2755,2102,653
28430,807,587,220
28431,3002,2092,910
28432,595,467,128
28433,1942,1328,614
28434,746,552,194
28435,909,663,246
28436,618,488,130
28438,594,446,148
28439,718,484,234
28441,1301,984,317
28442,671,463,208
28443,4909,3734,1175
28444,835,604,231
28445,1944,1292,652
28447,423,307,116
28448,425,309,116
28449,683,457,226
28450,923,642,281
28451,5968,4456,1512
28452,84,58,26
28453,1218,897,321
28454,957,730,227
28455,696,488,208
28456,1337,1054,283
28457,3000,2237,763
28458,2233,1571,662
28460,2266,1584,682
28461,3889,2838,1051
28462,4357,3118,1239
28463,3086,2220,866
28464,690,572,118
28465,3183,2166,1017
28466,3266,2280,986
28467,2426,1794,632
28468,1479,1097,382
28469,1952,1358,594
28470,2754,2026,728
28471,810,620,190
28472,7372,5098,2274
28478,932,641,291
28479,1041,698,343
28480,1300,586,714
28501,9285,5658,3627
28504,8315,6014,2301
28508,606,462,144
28510,614,444,170
28511,361,276,85
28512,1859,1140,719
28513,3878,2771,1107
28515,1125,768,357
28516,4538,2969,1569
28518,2337,1714,623
28519,156,100,56
28520,119,111,8
28521,801,575,226
28523,1030,735,295
28524,184,123,61
28525,1143,854,289
28526,1044,762,282
28527,404,346,58
28528,216,166,50
28529,735,560,175
28530,2389,1761,628
28531,665,523,142
28532,8341,6741,1600
28537,134,126,8
28538,900,737,163
28539,4499,3403,1096
28540,15726,11509,4217
28543,1876,1852,24
28544,2362,1831,531
28546,11458,8996,2462
28547,1419,1393,26
28551,4580,3327,1253
28552,137,84,53
28553,228,176,52
28554,199,140,59
28555,1699,1254,445
28556,444,309,135
28557,5809,3624,2185
28560,10739,7272,3467
28562,11609,8394,3215
28570,7023,5375,1648
28571,1171,810,361
28572,2268,1705,563
28573,809,549,260
28574,3834,2899,935
28575,50,35,15
28577,118,94,24
28578,1510,1047,463
28579,144,122,22
28580,3506,2516,990
28581,81,39,42
28582,466,270,196
28584,3335,2423,912
28585,1647,1208,439
28586,2482,1798,684
28589,143,125,18
28590,5398,3744,1654
28594,1646,1125,521
28601,18649,12380,6269
28602,10720,7526,3194
28604,2201,1393,808
28605,1462,918,544
28606,718,516,202
28607,10011,4967,5044
28609,2179,1707,472
28610,3243,2477,766
28611,227,196,31
28612,4663,3526,1137
28613,7675,5563,2112
28615,816,578,238
28616,184,129,55
28617,956,750,206
28618,674,489,185
28619,542,335,207
28621,4166,2916,1250
28622,1048,738,310
28623,715,522,193
28624,573,371,202
28625,11849,8952,2897
28626,722,542,180
28627,568,405,163
28629,19,13,6
28630,6805,5111,1694
28631,238,144,94
28634,1989,1467,522
28635,1316,1028,288
28636,1837,1328,509
28637,623,427,196
28638,4793,3572,1221
28640,1687,1174,513
28642,2339,1625,714
28643,1340,989,351
28644,700,500,200
28645,18636,13437,5199
28646,106,86,20
28649,395,301,94
28650,3993,2969,1024
28651,2402,1819,583
28654,1110,857,253
28655,20915,14771,6144
28657,4122,2989,1133
28658,9553,6969,2584
28659,8798,6135,2663
28660,610,487,123
28662,28,15,13
28663,262,179,83
28665,1090,789,301
28666,249,180,69
28668,50,43,7
28669,1177,888,289
28670,1167,874,293
28671,189,141,48
28673,1694,1228,466
28675,2628,1725,903
28676,1302,954,348
28677,12595,8615,3980
28678,1773,1393,380
28679,629,472,157
28681,9475,7037,2438
28682,359,282,77
28683,691,522,169
28684,918,688,230
28685,762,576,186
28689,731,541,190
28690,3984,2650,1334
28692,1491,1017,474
28693,734,549,185
28694,2957,2026,931
28697,5117,3724,1393
28698,952,714,238
28701,1201,945,256
28702,16,0,16
28704,6100,4309,1791
28705,2436,1784,652
28707,13,8,5
28708,248,148,100
28709,621,466,155
28710,66,58,8
28711,5025,3238,1787
28712,7433,5072,2361
28713,3614,2500,1114
28714,6629,4718,1911
28715,8906,6433,2473
28716,7035,5069,1966
28717,649,394,255
28718,141,113,28
28719,2052,1574,478
28721,3442,2464,978
28722,2448,1593,855
28723,2811,1543,1268
28725,48,25,23
28726,1263,855,408
28729,1253,892,361
28730,3075,2444,631
28731,2613,1893,720
28732,4852,3640,1212
28733,10,0,10
28734,9893,6915,2978
28735,46,33,13
28736,312,226,86
28739,7746,5438,2308
28740,946,747,199
28741,1551,1041,510
28742,2445,1871,574
28743,1034,699,335
28745,289,197,92
28746,1012,709,303
28747,777,527,250
28748,3777,2819,958
28749,7,0,7
28751,1382,925,457
28752,11460,8187,3273
28753,4276,2975,1301
28754,2806,2017,789
28755,84,53,31
28756,1613,1153,460
28757,95,48,47
28758,298,172,126
28761,2716,2046,670
28762,2520,1847,673
28763,1054,771,283
28765,23,18,5
28766,351,271,80
28768,2828,2155,673
28771,3365,2430,935
28772,448,335,113
28773,1118,823,295
28774,345,249,96
28777,3931,2815,1116
28778,3481,2405,1076
28779,5931,3906,2025
28781,396,268,128
28782,2809,1851,958
28783,548,397,151
28784,54,42,12
28786,10965,7500,3465
28787,6656,4947,1709
28789,2058,1537,521
28790,951,703,248
28791,5489,3887,1602
28792,11039,7557,3482
28801,6226,2629,3597
28803,10476,6470,4006
28804,7962,5017,2945
28805,7148,4121,3027
28806,13941,8879,5062
28901,2255,1550,705
28902,343,250,93
28904,3285,2325,960
28905,1126,849,277
28906,6920,4991,1929
28909,214,163,51
29001,792,619,173
29003,2715,1924,791
29006,3736,2643,1093
29009,922,633,289
29010,4518,3219,1299
29014,672,521,151
29015,630,450,180
29016,3753,2930,823
29018,1515,1123,392
29020,8582,6024,2558
29030,866,612,254
29031,503,362,141
29032,1436,1115,321
29033,5111,3129,1982
29036,4682,3786,896
29037,375,282,93
29038,941,719,222
29039,1341,1063,278
29040,2476,1928,548
29042,2213,1512,701
29044,2132,1589,543
29045,4876,3834,1042
29046,101,73,28
29047,1569,1044,525
29048,1857,1325,532
29051,328,237,91
29052,742,603,139
29053,5739,4376,1363
29054,2971,2346,625
29055,1914,1390,524
29056,1063,729,334
29058,1802,1352,450
29059,2253,1643,610
29061,4604,3513,1091
29062,28,13,15
29063,8544,6991,1553
29065,276,153,123
29067,3455,2545,910
29069,1919,1372,547
29070,5028,3842,1186
29072,11247,8709,2538
29073,11265,8374,2891
29074,231,157,74
29075,1039,781,258
29078,4591,3669,922
29079,117,88,29
29080,1464,1081,383
29081,595,400,195
29082,231,161,70
29101,1007,779,228
29102,5944,4287,1657
29104,686,526,160
29105,442,341,101
29107,1213,860,353
29108,7376,5106,2270
29111,570,431,139
29112,1846,1305,541
29113,600,446,154
29114,745,572,173
29115,11882,7653,4229
29118,5221,3886,1335
29122,29,18,11
29123,2212,1720,492
29124,57,39,18
29125,1310,920,390
29126,894,651,243
29127,3011,2262,749
29128,2062,1457,605
29129,1010,755,255
29130,1969,1480,489
29132,21,21,0
29133,395,312,83
29135,3658,2666,992
29137,1040,737,303
29138,3599,2704,895
29142,1765,1350,415
29145,372,252,120
29146,759,538,221
29148,2551,1791,760
29150,14803,10052,4751
29152,1621,1511,110
29153,5182,3948,1234
29154,9024,6955,2069
29160,2710,1939,771
29161,3929,3101,828
29162,950,723,227
29163,758,555,203
29164,1589,1152,437
29166,395,278,117
29168,1208,937,271
29169,9249,5063,4186
29170,6955,5188,1767
29172,3356,2430,926
29175,148,108,40
29177,0,0,0
29178,1645,1082,563
29180,5507,3996,1511
29201,5740,1917,3823
29202,0,0,0
29203,14685,10238,4447
29204,8916,4950,3966
29205,11991,5341,6650
29206,8605,5907,2698
29207,0,0,0
29209,10946,7403,3543
29210,16589,8192,8397
29212,10598,7928,2670
29223,16818,11889,4929
29229,6053,5164,889
29301,11530,7955,3575
29302,7032,4603,2429
29303,9099,5736,3363
29306,6478,4222,2256
29307,8393,5516,2877
29316,5595,4427,1168
29320,169,120,49
29321,984,743,241
29322,2902,2267,635
29323,5210,3926,1284
29325,5699,3928,1771
29330,3049,2209,840
29332,1098,783,315
29334,3052,2337,715
29335,1705,1292,413
29338,6,0,6
29340,8247,5818,2429
29341,6496,4757,1739
29349,8929,6821,2108
29351,757,512,245
29353,1705,1227,478
29355,305,218,87
29356,3278,2279,999
29360,8553,5988,2565
29364,246,173,73
29365,3196,2380,816
29369,3324,2739,585
29370,321,254,67
29372,2139,1561,578
29373,86,55,31
29374,1312,1010,302
29375,8,8,0
29376,2107,1632,475
29377,86,68,18
29379,8155,5643,2512
29384,1691,1189,502
29385,2543,1848,695
29388,5219,3848,1371
29401,4687,1858,2829
29403,9291,4558,4733
29404,1225,1197,28
29405,10927,6837,4090
29406,14872,8955,5917
29407,16131,9170,6961
29412,13317,8629,4688
29414,9568,6232,3336
29418,8685,5573,3112
29420,5129,4119,1010
29423,0,0,0
29426,670,484,186
29429,1000,732,268
29430,32,27,5
29431,2132,1626,506
29432,1060,733,327
29434,225,176,49
29435,1409,1115,294
29436,1581,1191,390
29437,727,642,85
29438,1010,705,305
29439,929,437,492
29440,10350,7794,2556
29445,16022,12504,3518
29446,542,374,168
29448,987,636,351
29449,2590,1976,614
29450,1048,799,249
29451,1950,1385,565
29452,202,156,46
29453,496,356,140
29455,5369,4061,1308
29456,6215,4956,1259
29458,1039,753,286
29461,8660,6548,2112
29464,16059,10474,5585
29466,4645,3682,963
29468,894,607,287
29469,307,271,36
29470,1516,1137,379
29471,650,454,196
29472,2638,2037,601
29474,629,485,144
29475,1009,705,304
29477,2568,1803,765
29479,2499,1810,689
29481,715,552,163
29482,802,485,317
29483,17222,13250,3972
29485,10319,8034,2285
29487,953,688,265
29488,8193,5946,2247
29492,697,596,101
29493,59,42,17
29501,15669,10556,5113
29505,7138,5498,1640
29506,7368,5322,2046
29510,4395,3222,1173
29511,1647,1255,392
29512,6807,4726,2081
29516,271,186,85
29518,494,395,99
29519,70,43,27
29520,5484,3928,1556
29525,758,526,232
29526,11466,8356,3110
29527,6500,4839,1661
29530,1017,737,280
29532,8132,5742,2390
29536,6194,4429,1765
29540,1766,1278,488
29541,2950,2196,754
29543,214,159,55
29544,1714,1219,495
29545,527,376,151
29546,1049,784,265
29547,842,671,171
29550,12224,8629,3595
29554,3852,2857,995
29555,2327,1776,551
29556,5256,3756,1500
29560,4938,3605,1333
29563,1081,737,344
29564,424,326,98
29565,2519,1831,688
29566,4994,3516,1478
29567,224,153,71
29568,2887,2172,715
29569,5239,3806,1433
29570,1561,1131,430
29571,6237,4532,1705
29572,4021,2233,1788
29574,5033,3561,1472
29575,12773,8843,3930
29576,7395,4797,2598
29577,12379,6763,5616
29579,6010,4075,1935
29580,530,418,112
29581,1795,1298,497
29582,5839,3434,2405
29583,1946,1486,460
29584,941,716,225
29585,4533,3328,1205
29589,46,36,10
29590,1110,874,236
29591,1952,1505,447
29592,377,262,115
29593,938,655,283
29594,27,14,13
29596,986,738,248
29601,4360,1815,2545
29605,13025,8485,4540
29607,12288,7398,4890
29609,11346,7306,4040
29611,10976,7386,3590
29615,14229,8170,6059
29617,9454,6497,2957
29620,5315,3804,1511
29621,12689,9025,3664
29624,6348,4074,2274
29625,9710,6656,3054
29626,4787,3614,1173
29627,6871,5077,1794
29628,1311,949,362
29630,4829,2882,1947
29631,4976,2221,2755
29635,473,347,126
29638,1268,928,340
29639,481,313,168
29640,11465,8505,2960
29642,9278,7254,2024
29643,1016,730,286
29644,5953,4558,1395
29645,3927,3015,912
29646,10824,7427,3397
29649,9039,6054,2985
29650,9085,6720,2365
29651,12798,9534,3264
29653,1758,1387,371
29654,4042,2959,1083
29655,2914,2049,865
29656,129,51,78
29657,5448,4111,1337
29658,95,67,28
29659,62,52,10
29661,2228,1606,622
29662,5339,3744,1595
29664,618,421,197
29665,18,6,12
29666,2578,1822,756
29667,97,82,15
29669,4299,3198,1101
29670,3026,2078,948
29671,7118,5222,1896
29672,3979,2852,1127
29673,8249,6311,1938
29676,2276,1754,522
29677,87,56,31
29678,7806,5322,2484
29680,6910,5465,1445
29681,10791,8678,2113
29682,1235,951,284
29683,113,91,22
29684,1593,1262,331
29685,446,329,117
29686,386,298,88
29687,13945,10004,3941
29688,0,0,0
29689,1558,1162,396
29690,6330,4927,1403
29691,4429,3217,1212
29692,2029,1370,659
29693,5541,4064,1477
29696,1281,1027,254
29697,4058,3134,924
29702,3841,2763,1078
29704,1029,790,239
29706,8044,5836,2208
29708,3836,3137,699
29709,2412,1714,698
29710,8453,6382,2071
29712,842,617,225
29714,1052,785,267
29715,7591,5644,1947
29717,438,350,88
29718,1308,950,358
29720,17043,12296,4747
29724,44,36,8
29726,550,430,120
29727,498,391,107
29728,3392,2388,1004
29729,692,517,175
29730,16812,11837,4975
29732,15103,10825,4278
29741,745,472,273
29742,651,489,162
29743,416,339,77
29745,8090,6287,1803
29801,10021,6591,3430
29803,11916,8822,3094
29805,1789,1357,432
29809,993,700,293
29810,2103,1393,710
29812,4604,3365,1239
29816,452,316,136
29817,2008,1439,569
29819,466,360,106
29821,388,295,93
29822,185,116,69
29824,2597,1851,746
29826,22,14,8
29827,1401,947,454
29828,439,299,140
29829,2686,1981,705
29831,1709,1231,478
29832,2086,1545,541
29834,449,277,172
29835,2500,1846,654
29836,235,167,68
29838,185,130,55
29840,83,66,17
29841,12440,8432,4008
29842,2399,1853,546
29843,594,383,211
29844,104,81,23
29845,465,358,107
29846,34,19,15
29847,1391,1075,316
29848,364,276,88
29849,156,103,53
29850,26,26,0
29851,2714,1850,864
29853,2688,1895,793
29856,885,735,150
29860,3830,3191,639
29902,9085,6430,2655
29906,6620,5435,1185
29910,7178,5435,1743
29911,684,532,152
29916,580,434,146
29918,1844,1338,506
29920,3775,2801,974
29921,104,77,27
29922,309,220,89
29923,167,112,55
29924,1815,1243,572
29926,7644,5799,1845
29927,2287,1669,618
29928,7790,5178,2612
29929,489,325,164
29932,74,53,21
29934,423,339,84
29935,1463,884,579
29936,3643,2614,1029
29939,72,50,22
29940,1534,1152,382
29941,0,0,0
29943,118,86,32
29944,1730,1260,470
29945,1561,1103,458
30002,2337,1276,1061
30004,15769,11251,4518
30005,9377,7248,2129
30008,10247,6986,3261
30011,3840,3133,707
30012,8040,5944,2096
30013,6690,5240,1450
30014,9309,7071,2238
30016,9251,7414,1837
30017,4011,3542,469
30019,6532,5651,881
30021,8511,5470,3041
30022,19095,14672,4423
30024,11532,9942,1590
30025,2500,1993,507
30030,11536,5350,6186
30032,19351,13810,5541
30033,12862,6036,6826
30034,14966,11524,3442
30035,6578,4807,1771
30038,8206,6355,1851
30039,4345,3480,865
30040,14848,12109,2739
30041,11801,9544,2257
30043,19535,16379,3156
30044,22784,17260,5524
30045,12782,9698,3084
30047,17919,14733,3186
30052,11973,10046,1927
30054,3141,2543,598
30055,759,608,151
30056,616,530,86
30058,19409,15066,4343
30060,13204,8282,4922
30062,22043,17370,4673
30064,15471,11896,3575
30066,17865,14255,3610
30067,20564,10948,9616
30068,12034,9313,2721
30070,125,90,35
30071,6829,4752,2077
30072,195,88,107
30075,16480,12795,3685
30076,15783,10830,4953
30078,9576,8062,1514
30079,974,650,324
30080,20241,9874,10367
30082,9337,6002,3335
30083,20111,13737,6374
30084,12790,8643,4147
30087,11264,9099,2165
30088,10183,7494,2689
30092,13828,8947,4881
30093,17141,10740,6401
30094,8908,7462,1446
30096,20945,13273,7672
30097,8159,6674,1485
30101,13719,10929,2790
30102,10999,8848,2151
30103,4085,3253,832
30104,1457,1099,358
30105,897,705,192
30106,5649,4091,1558
30107,2849,2295,554
30108,2945,2143,802
30110,4359,3196,1163
30113,2224,1596,628
30114,7938,5904,2034
30115,6998,5828,1170
30116,6281,5062,1219
30117,11734,7612,4122
30120,10692,8162,2530
30121,5546,4251,1295
30122,6406,4350,2056
30124,1131,875,256
30125,8317,6138,2179
30126,9827,7191,2636
30127,15299,13068,2231
30132,6233,4806,1427
30134,11205,8581,2624
30135,14742,12136,2606
30137,415,335,80
30139,1283,993,290
30141,4420,3576,844
30143,7159,5486,1673
30144,14824,10289,4535
30145,2015,1637,378
30147,1760,1366,394
30148,177,135,42
30152,8792,7244,1548
30153,5343,4020,1323
30157,9537,8022,1515
30161,13070,9077,3993
30165,13737,9693,4044
30168,7609,5139,2470
30170,1036,808,228
30171,1038,844,194
30173,2264,1827,437
30175,1676,1317,359
30176,2542,1888,654
30177,149,107,42
30178,1044,835,209
30179,3519,2788,731
30180,6531,5059,1472
30182,878,730,148
30183,1330,1058,272
30184,1670,1397,273
30185,1394,1049,345
30187,2176,1813,363
30188,12958,10138,2820
30189,11414,9300,2114
30204,4364,3225,1139
30205,928,805,123
30206,812,634,178
30213,5019,4072,947
30214,7901,6258,1643
30215,8887,7656,1231
30216,757,633,124
30217,3304,2470,834
30218,636,499,137
30220,1096,832,264
30222,1531,1110,421
30223,12548,9186,3362
30224,8104,5962,2142
30228,6931,5688,1243
30230,3080,2249,831
30233,6495,4818,1677
30234,194,146,48
30236,15246,11257,3989
30238,10360,8124,2236
30240,9734,6993,2741
30241,7391,5263,2128
30248,3733,3186,547
30250,20,16,4
30251,759,611,148
30252,6289,5574,715
30253,9236,7201,2035
30256,710,559,151
30257,1113,893,220
30258,726,602,124
30259,925,754,171
30260,8254,5717,2537
30263,14710,11015,3695
30265,6378,5105,1273
30268,2625,1885,740
30269,11291,9196,2095
30273,3749,3055,694
30274,11187,8119,3068
30275,60,51,9
30276,3062,2514,548
30277,5300,4653,647
30281,17640,13445,4195
30285,211,151,60
30286,9495,6746,2749
30288,2099,1648,451
30290,1775,1506,269
30291,5150,2957,2193
30292,1592,1267,325
30293,1364,1042,322
30294,8659,7137,1522
30295,1220,950,270
30296,7269,5729,1540
30297,9700,6979,2721
30303,900,213,687
30305,11716,4424,7292
30306,11415,3614,7801
30307,7246,3405,3841
30308,6452,1388,5064
30309,11562,2418,9144
30310,12392,7535,4857
30311,13939,9025,4914
30312,8974,3864,5110
30313,1608,361,1247
30314,9497,5320,4177
30315,12154,8435,3719
30316,11552,7505,4047
30317,5087,3101,1986
30318,18726,10583,8143
30319,16414,7878,8536
30322,0,0,0
30324,10914,3424,7490
30326,643,177,466
30327,8836,5781,3055
30328,13369,7268,6101
30329,11649,4683,6966
30331,16041,11556,4485
30336,39,16,23
30337,6309,3655,2654
30338,12191,8011,4180
30339,8777,2678,6099
30340,9875,5988,3887
30341,11615,6646,4969
30342,11653,5391,6262
30344,13199,8663,4536
30345,8495,5770,2725
30346,843,191,652
30349,21105,13756,7349
30350,15146,7010,8136
30354,6149,4371,1778
30360,5534,3484,2050
30401,4659,3282,1377
30410,759,533,226
30411,997,723,274
30412,98,72,26
30413,597,461,136
30414,85,75,10
30415,2044,1552,492
30417,3359,2399,960
30420,726,574,152
30421,1079,680,399
30423,121,89,32
30425,515,397,118
30426,472,343,129
30427,3760,2642,1118
30428,968,662,306
30429,199,148,51
30434,2184,1568,616
30436,4185,2933,1252
30438,91,59,32
30439,3146,2244,902
30441,792,562,230
30442,2914,2026,888
30445,945,686,259
30446,542,411,131
30447,22,16,6
30448,15,11,4
30450,999,746,253
30452,500,368,132
30453,2184,1564,620
30454,217,149,68
30455,272,198,74
30456,695,530,165
30457,2347,1676,671
30458,12092,5834,6258
30461,3829,2863,966
30464,54,36,18
30467,5020,3552,1468
30470,320,261,59
30471,1550,1152,398
30473,1039,795,244
30474,5998,4106,1892
30477,1172,815,357
30501,9538,6267,3271
30504,5085,3717,1368
30506,11361,9214,2147
30507,6519,5343,1176
30510,1999,1574,425
30511,1034,774,260
30512,6624,4784,1840
30513,4021,2944,1077
30516,649,489,160
30517,1842,1485,357
30518,10748,7883,2865
30519,6117,5258,859
30520,1545,1128,417
30521,1767,1313,454
30522,270,223,47
30523,4332,3210,1122
30525,2987,2037,950
30527,1164,947,217
30528,6314,4799,1515
30529,3475,2472,1003
30530,1718,1300,418
30531,3841,2741,1100
30533,6763,4737,2026
30534,6398,4958,1440
30535,2228,1605,623
30537,586,414,172
30538,842,689,153
30539,174,112,62
30540,7925,5844,2081
30541,526,400,126
30542,7364,5988,1376
30543,1192,917,275
30545,371,199,172
30546,2762,1936,826
30547,1024,779,245
30548,2138,1728,410
30549,4552,3468,1084
30552,672,458,214
30553,2713,1993,720
30554,2171,1742,429
30555,947,610,337
30557,1725,1323,402
30558,1698,1334,364
30559,1417,1026,391
30560,1475,1102,373
30562,368,223,145
30563,1564,1315,249
30564,1239,959,280
30565,1368,1076,292
30566,2512,1905,607
30567,715,613,102
30568,561,431,130
30571,1097,851,246
30572,571,420,151
30575,487,423,64
30576,975,731,244
30577,8696,6101,2595
30581,6,6,0
30582,1335,989,346
30598,59,59,0
30601,6980,3965,3015
30602,0,0,0
30605,14685,6267,8418
30606,15023,7654,7369
30607,2976,2131,845
30619,405,281,124
30620,1871,1536,335
30621,1073,832,241
30622,2831,2102,729
30624,964,728,236
30625,724,577,147
30627,915,660,255
30628,1922,1478,444
30629,1632,1182,450
30630,1037,768,269
30631,894,584,310
30633,3336,2507,829
30634,854,671,183
30635,6505,4693,1812
30638,16,9,7
30639,18,11,7
30641,485,388,97
30642,3733,2827,906
30643,5963,4241,1722
30646,2421,1825,596
30648,866,645,221
30650,3695,2871,824
30655,6425,4739,1686
30656,3581,2921,660
30660,416,307,109
30662,3122,2200,922
30663,886,698,188
30664,11,11,0
30665,147,97,50
30666,1930,1532,398
30667,330,209,121
30668,794,570,224
30669,1312,910,402
30671,12,8,4
30673,3308,2265,1043
30677,4783,3939,844
30678,415,315,100
30680,9434,6988,2446
30683,2074,1483,591
30701,10762,8132,2630
30705,11424,8868,2556
30707,5251,4103,1148
30708,177,112,65
30710,1860,1565,295
30711,1387,1120,267
30720,9152,6496,2656
30721,13560,10548,3012
30724,69,51,18
30725,1375,991,384
30726,18,18,0
30728,6699,4934,1765
30730,752,550,202
30731,963,698,265
30733,701,538,163
30734,1140,882,258
30735,1934,1504,430
30736,12440,9829,2611
30738,1346,1083,263
30739,1254,1009,245
30740,2396,1837,559
30741,11343,8023,3320
30742,2558,1670,888
30746,474,357,117
30747,5865,4245,1620
30750,1216,911,305
30752,3378,2592,786
30753,2681,1878,803
30755,3379,2599,780
30757,764,552,212
30802,1756,1374,382
30803,287,197,90
30805,668,538,130
30807,79,41,38
30808,1619,1259,360
30809,8495,7334,1161
30810,717,521,196
30813,5449,4334,1115
30814,2554,1936,618
30815,12463,10293,2170
30816,788,562,226
30817,3104,2258,846
30818,177,170,7
30820,429,315,114
30821,401,275,126
30822,170,132,38
30823,598,449,149
30824,6351,4620,1731
30828,1696,1191,505
30830,4708,3420,1288
30833,1478,1035,443
30901,8568,4850,3718
30904,12283,6910,5373
30905,856,832,24
30906,20686,15613,5073
30907,17070,12933,4137
30909,15207,9260,5947
31001,967,680,287
31002,958,655,303
31003,87,57,30
31005,3247,2771,476
31006,1801,1258,543
31007,298,214,84
31008,4801,3867,934
31009,448,314,134
31011,276,222,54
31012,526,369,157
31014,4647,3303,1344
31015,7850,5592,2258
31016,555,394,161
31017,784,543,241
31018,416,303,113
31019,795,605,190
31020,1150,865,285
31021,10456,7301,3155
31022,434,306,128
31023,5280,3641,1639
31024,6843,5074,1769
31025,465,375,90
31027,3645,2752,893
31028,1490,1128,362
31029,4833,3668,1165
31030,6097,4226,1871
31031,2514,1877,637
31032,3867,3089,778
31033,795,550,245
31034,0,0,0
31035,556,433,123
31036,3733,2603,1130
31037,922,637,285
31038,310,220,90
31039,18,18,0
31041,370,271,99
31042,767,578,189
31044,1235,973,262
31045,49,21,28
31046,989,807,182
31047,1909,1653,256
31049,598,432,166
31050,343,236,107
31051,74,39,35
31052,2406,1979,427
31054,550,411,139
31055,1731,1218,513
31057,760,553,207
31058,628,468,160
31060,856,591,265
31061,14562,9763,4799
31063,2128,1560,568
31064,2981,2221,760
31065,316,238,78
31066,476,384,92
31067,72,59,13
31068,1296,941,355
31069,5862,4317,1545
31070,363,261,102
31071,508,368,140
31072,531,369,162
31075,667,517,150
31076,1255,882,373
31077,518,357,161
31078,1290,930,360
31079,1037,755,282
31081,86,61,25
31082,3986,2877,1109
31083,65,50,15
31085,299,258,41
31087,3225,2352,873
31088,14632,10653,3979
31089,1729,1223,506
31090,416,272,144
31091,1064,754,310
31092,2113,1526,587
31093,10999,7516,3483
31094,535,384,151
31096,2379,1715,664
31097,545,462,83
31098,1101,1072,29
31201,4087,1948,2139
31204,13988,8586,5402
31206,11520,8045,3475
31210,11203,7824,3379
31211,6537,4296,2241
31216,4890,3842,1048
31217,6663,4949,1714
31220,4288,3221,1067
31301,1462,1093,369
31302,2669,2049,620
31303,766,610,156
31305,1955,1400,555
31307,362,284,78
31308,2300,1806,494
31309,399,309,90
31312,3855,3036,819
31313,12436,9524,2912
31314,0,0,0
31315,2447,2404,43
31316,2133,1621,512
31318,88,88,0
31319,39,28,11
31320,2565,1875,690
31321,1987,1594,393
31322,2225,1786,439
31323,640,496,144
31324,4948,4125,823
31326,4262,3444,818
31327,47,15,32
31328,1697,1016,681
31329,2325,1878,447
31331,2073,1515,558
31333,457,346,111
31401,8849,4146,4703
31404,12098,7871,4227
31405,11990,7849,4141
31406,13582,9418,4164
31407,1264,885,379
31408,3848,2671,1177
31410,8740,6370,2370
31411,3197,2709,488
31415,4897,3230,1667
31419,16198,10838,5360
31501,6096,3892,2204
31503,7517,5517,2000
31510,3354,2513,841
31512,947,697,250
31513,5787,4376,1411
31516,4586,3438,1148
31518,305,224,81
31519,1308,928,380
31520,8543,5512,3031
31522,6767,4338,2429
31523,3400,2728,672
31525,8086,5768,2318
31527,452,303,149
31532,204,124,80
31533,6157,4346,1811
31535,3084,2452,632
31537,2785,2087,698
31539,4618,3556,1062
31542,859,662,197
31543,1453,1134,319
31544,332,227,105
31545,5211,3876,1335
31546,2135,1601,534
31548,5096,4061,1035
31549,786,539,247
31550,300,251,49
31551,300,211,89
31552,276,214,62
31553,1480,1120,360
31554,1771,1363,408
31555,922,725,197
31557,1061,765,296
31558,6706,5215,1491
31560,905,704,201
31563,553,359,194
31565,615,461,154
31566,963,728,235
31567,265,165,100
31568,365,265,100
31569,1785,1337,448
31601,10755,7271,3484
31602,11372,7024,4348
31605,5272,4105,1167
31606,1355,1087,268
31620,3804,2774,1030
31622,717,527,190
31623,62,45,17
31624,421,334,87
31625,410,322,88
31626,1199,825,374
31627,115,90,25
31629,423,323,100
31630,232,154,78
31631,235,183,52
31632,2615,2011,604
31634,1972,1421,551
31635,1757,1273,484
31636,3027,2136,891
31637,1102,832,270
31638,383,235,148
31639,3701,2619,1082
31641,442,351,91
31642,1544,1120,424
31643,3480,2461,1019
31645,1194,915,279
31646,547,417,130
31647,985,751,234
31648,342,285,57
31649,313,233,80
31650,1139,842,297
31699,0,0,0
31701,8174,5246,2928
31705,12729,9415,3314
31707,17201,11819,5382
31709,9696,6825,2871
31711,383,298,85
31712,400,269,131
31713,882,646,236
31714,2518,1824,694
31715,735,591,144
31716,1150,877,273
31717,8163,5896,2267
31720,202,130,72
31722,124,86,38
31723,3883,2714,1169
31724,174,130,44
31725,550,426,124
31726,279,184,95
31728,6655,4908,1747
31729,28,20,8
31730,3467,2598,869
31732,43,15,28
31733,575,439,136
31734,851,642,209
31735,335,247,88
31736,197,129,68
31737,2427,1752,675
31738,779,562,217
31740,2161,1481,680
31741,329,208,121
31742,3570,2608,962
31743,247,182,65
31744,1164,883,281
31745,3203,2303,900
31746,727,488,239
31747,66,54,12
31749,796,606,190
31750,7168,5045,2123
31751,1006,683,323
31752,49,32,17
31754,1052,748,304
31756,368,288,80
31757,3630,2833,797
31759,512,394,118
31761,335,278,57
31762,333,231,102
31763,6324,5251,1073
31764,541,428,113
31765,932,692,240
31766,346,234,112
31767,185,146,39
31768,11964,8486,3478
31770,1083,761,322
31771,1608,1237,371
31772,193,144,49
31773,1329,1037,292
31774,2452,1839,613
31775,993,747,246
31777,216,154,62
31778,961,690,271
31779,2945,2121,824
31780,859,639,220
31781,544,399,145
31783,447,350,97
31784,301,247,54
31786,560,392,168
31787,659,513,146
31789,569,443,126
31790,743,602,141
31791,4775,3623,1152
31792,8830,5819,3011
31794,12323,8936,3387
31795,756,550,206
31796,435,333,102
31797,1335,1006,329
31798,324,262,62
31801,898,735,163
31803,1804,1229,575
31804,1582,1371,211
31805,1146,850,296
31806,1418,1031,387
31807,551,433,118
31808,1702,1504,198
31810,106,67,39
31811,1495,1013,482
31812,184,120,64
31814,137,81,56
31815,887,607,280
31816,2282,1567,715
31820,1708,1486,222
31821,159,110,49
31822,1830,1362,468
31823,316,254,62
31824,654,476,178
31825,906,616,290
31826,763,602,161
31827,892,599,293
31829,271,239,32
31830,880,617,263
31831,970,748,222
31832,59,46,13
31833,2621,1851,770
31836,429,313,116
31901,3595,1649,1946
31903,8539,5620,2919
31904,12091,8133,3958
31905,3895,3725,170
31906,10227,6118,4109
31907,20553,14848,5705
31909,10803,7976,2827
32008,1778,1320,458
32009,967,749,218
32011,4062,3359,703
32013,21,21,0
32024,5579,4326,1253
32025,6428,4345,2083
32033,861,656,205
32034,10208,7215,2993
32038,2506,1844,662
32040,2077,1725,352
32043,7176,5556,1620
32044,510,402,108
32046,2878,2241,637
32052,2264,1643,621
32053,1210,927,283
32054,2783,2214,569
32055,5846,4002,1844
32058,1426,1102,324
32059,543,403,140
32060,9233,6603,2630
32061,59,46,13
32062,728,619,109
32063,3681,2918,763
32065,7106,5720,1386
32066,1551,1167,384
32068,12591,10335,2256
32071,1346,986,360
32072,141,103,38
32073,18073,14051,4022
32079,158,96,62
32082,11885,8118,3767
32083,430,332,98
32084,9316,5466,3850
32086,9367,6527,2840
32087,1091,850,241
32091,5423,3904,1519
32092,2352,1901,451
32094,1053,769,284
32095,8484,5370,3114
32096,1068,770,298
32097,3777,2943,834
32102,1146,780,366
32110,2146,1452,694
32112,2810,1898,912
32113,2491,1841,650
32114,13890,6681,7209
32117,10454,6074,4380
32118,9866,4713,5153
32119,18370,11365,7005
32124,3992,3177,815
32127,13101,8701,4400
32130,1624,1214,410
32131,1794,1267,527
32132,3018,1992,1026
32134,3568,2315,1253
32136,3420,2102,1318
32137,9502,7137,2365
32138,65,51,14
32139,237,155,82
32140,622,498,124
32141,6521,4867,1654
32145,1374,1013,361
32147,281,220,61
32148,4397,3003,1394
32157,434,303,131
32159,13970,10391,3579
32164,5807,4652,1155
32168,8967,5819,3148
32169,5313,3260,2053
32174,17200,11956,5244
32176,7750,4722,3028
32177,9634,6758,2876
32179,3377,2397,980
32180,1196,942,254
32181,664,461,203
32182,66,57,9
32183,57,57,0
32185,27,27,0
32187,785,572,213
32189,2591,1781,810
32190,448,303,145
32193,409,259,150
32195,1226,893,333
32202,1386,288,1098
32204,3258,1465,1793
32205,13379,7380,5999
32206,8461,4751,3710
32207,15165,8613,6552
32208,12548,8883,3665
32209,15119,10098,5021
32210,22731,15693,7038
32211,13951,8791,5160
32212,349,349,0
32215,198,184,14
32216,11702,7908,3794
32217,8521,5452,3069
32218,13771,10273,3498
32219,3582,2641,941
32220,3848,2899,949
32221,6242,4961,1281
32222,1531,1155,376
32223,9627,7482,2145
32224,12601,8288,4313
32225,16572,12693,3879
32226,2982,2346,636
32227,594,594,0
32233,9785,6667,3118
32234,2228,1739,489
32244,17295,12686,4609
32246,13265,9625,3640
32250,10937,6172,4765
32254,5417,3741,1676
32256,14112,7047,7065
32257,14825,9808,5017
32258,4292,3522,770
32259,5998,5229,769
32266,3270,1878,1392
32277,10843,7606,3237
32301,12292,4905,7387
32303,19287,10535,8752
32304,15314,4196,11118
32308,18114,12242,5872
32310,11893,7620,4273
32311,9608,7104,2504
32312,10325,8326,1999
32320,1473,990,483
32321,1577,1130,447
32322,1070,725,345
32323,228,90,138
32324,1780,1253,527
32327,6720,5078,1642
32328,1196,830,366
32330,310,241,69
32331,1526,1120,406
32332,635,508,127
32333,4584,3337,1247
32334,625,398,227
32335,10,5,5
32336,428,322,106
32337,6,6,0
32340,4305,3059,1246
32343,436,337,99
32344,3774,2598,1176
32346,984,670,314
32347,6320,4558,1762
32350,435,315,120
32351,8097,5872,2225
32355,137,68,69
32356,31,26,5
32357,54,49,5
32358,744,527,217
32359,637,412,225
32360,11,11,0
32361,184,140,44
32399,0,0,0
32401,10394,6030,4364
32403,648,640,8
32404,12950,9493,3457
32405,10672,7246,3426
32407,2607,1815,792
32408,5837,3478,2359
32409,2785,2152,633
32410,76,41,35
32413,4197,2675,1522
32420,698,516,182
32421,1425,1031,394
32422,15,15,0
32423,484,351,133
32424,2306,1603,703
32425,4198,3010,1188
32426,443,306,137
32427,1138,746,392
32428,5511,4011,1500
32430,427,294,133
32431,1786,1240,546
32432,40,33,7
32433,7240,5172,2068
32437,235,170,65
32438,1242,918,324
32439,2578,1760,818
32440,2177,1507,670
32442,1239,904,335
32443,1218,915,303
32444,6114,4612,1502
32445,478,322,156
32446,3667,2565,1102
32447,19,7,12
32448,3390,2386,1004
32449,225,185,40
32455,1527,1028,499
32456,3270,2321,949
32459,2674,1695,979
32460,1573,1078,495
32462,1174,823,351
32463,49,33,16
32464,1554,1112,442
32465,2095,1508,587
32466,2038,1527,511
32501,6419,3379,3040
32503,12888,7846,5042
32504,10146,6458,3688
32505,10778,7494,3284
32506,12964,8837,4127
32507,11589,7657,3932
32508,385,385,0
32514,14375,8755,5620
32526,11838,8820,3018
32531,1605,1278,327
32533,8631,7044,1587
32534,4854,3389,1465
32535,1936,1427,509
32536,4967,3842,1125
32539,6830,5217,1613
32541,7012,4516,2496
32542,2544,2408,136
32544,709,694,15
32547,12279,7497,4782
32548,9611,5971,3640
32561,10560,7658,2902
32564,878,675,203
32565,1992,1523,469
32566,7836,6116,1720
32567,1506,1094,412
32568,1174,941,233
32569,4478,3169,1309
32570,9318,7021,2297
32571,8608,6874,1734
32577,1716,1354,362
32578,10777,8326,2451
32579,4279,2912,1367
32580,1687,1147,540
32583,6645,4974,1671
32601,7708,2252,5456
32603,2422,786,1636
32605,9356,6069,3287
32606,7351,4763,2588
32607,11729,5134,6595
32608,16662,6820,9842
32609,6602,3854,2748
32615,4246,3160,1086
32616,423,255,168
32617,1272,1014,258
32618,2631,1881,750
32619,1493,1129,364
32621,1178,907,271
32622,583,446,137
32625,711,489,222
32626,3192,2194,998
32628,1507,1074,433
32639,139,102,37
32640,4156,2989,1167
32641,4749,3540,1209
32643,3388,2499,889
32648,147,113,34
32653,5214,3703,1511
32654,83,56,27
32656,4580,3400,1180
32658,61,39,22
32662,29,29,0
32664,269,172,97
32666,2043,1359,684
32667,1345,893,452
32668,1535,1064,471
32669,2800,2046,754
32680,3181,2242,939
32681,195,104,91
32683,67,42,25
32686,1913,1446,467
32692,270,137,133
32693,3318,2346,972
32694,835,552,283
32696,4169,2878,1291
32697,175,129,46
32701,10097,5619,4478
32702,1076,727,349
32703,15479,11125,4354
32706,58,28,30
32707,13497,8728,4769
32708,14195,10848,3347
32709,817,561,256
32712,10436,8300,2136
32713,6839,4933,1906
32714,14682,8723,5959
32720,10477,6820,3657
32724,10528,6883,3645
32725,14371,10957,3414
32726,7477,4923,2554
32730,2606,1564,1042
32732,1835,1442,393
32735,1141,848,293
32736,2950,2402,548
32738,11619,9489,2130
32744,1216,842,374
32746,11256,8207,3049
32750,8767,6591,2176
32751,7250,5025,2225
32754,3553,2612,941
32757,7862,5265,2597
32759,1024,711,313
32763,6761,4259,2502
32764,971,656,315
32765,14951,12020,2931
32766,2409,2022,387
32767,735,476,259
32771,11593,7811,3782
32773,8416,5712,2704
32775,207,154,53
32776,2466,1881,585
32778,6552,4247,2305
32779,10843,8706,2137
32780,13590,8883,4707
32784,3550,2638,912
32789,10375,5801,4574
32792,22264,12178,10086
32796,8050,5603,2447
32798,891,583,308
32801,4753,1236,3517
32803,10360,4716,5644
32804,8506,4508,3998
32805,8920,5556,3364
32806,11161,6734,4427
32807,10793,7029,3764
32808,16389,11943,4446
32809,8056,5747,2309
32810,12135,8247,3888
32811,12878,7505,5373
32812,14468,9541,4927
32817,10418,6811,3607
32818,11841,8990,2851
32819,8500,6637,1863
32820,1049,824,225
32821,6452,3484,2968
32822,20975,13324,7651
32824,5947,4961,986
32825,14512,10521,3991
32826,8591,4394,4197
32827,744,592,152
32828,7750,6117,1633
32829,1144,967,177
32831,26,17,9
32832,718,539,179
32833,1825,1419,406
32835,12678,7769,4909
32836,4195,3377,818
32837,11625,9090,2535
32839,13481,8797,4684
32901,9693,5233,4460
32903,5638,3722,1916
32904,7911,5161,2750
32905,9877,5768,4109
32907,12161,9659,2502
32908,2019,1565,454
32909,6446,5067,1379
32920,5305,2218,3087
32922,6689,3900,2789
32925,543,526,17
32926,7475,5584,1891
32927,8880,6747,2133
32931,7568,4125,3443
32934,5605,4151,1454
32935,17848,10939,6909
32937,11492,8062,3430
32940,7932,5969,1963
32948,1295,1060,235
32949,291,226,65
32950,1724,1339,385
32951,4883,3413,1470
32952,8360,5912,2448
32953,9051,6115,2936
32955,10436,7654,2782
32958,9014,6366,2648
32960,9401,5080,4321
32962,8797,5997,2800
32963,6964,4945,2019
32966,6367,3945,2422
32967,4315,3038,1277
32968,2999,2439,560
32970,44,31,13
32976,5310,3209,2101
33001,289,174,115
33004,6923,3668,3255
33009,17879,8677,9202
33010,14702,11123,3579
33012,24363,19492,4871
33013,9792,8170,1622
33014,13438,10164,3274
33015,16727,12859,3868
33016,13112,11267,1845
33018,10553,9751,802
33019,9948,4556,5392
33020,18089,9193,8896
33021,20318,12227,8091
33023,19705,15258,4447
33024,20797,15237,5560
33025,16870,12040,4830
33026,11494,8315,3179
33027,11922,7125,4797
33028,6899,5736,1163
33029,10751,9619,1132
33030,8001,6149,1852
33031,1853,1544,309
33032,5831,4888,943
33033,9116,7173,1943
33034,4209,2921,1288
33035,1167,688,479
33036,1760,976,784
33037,5787,3686,2101
33040,14561,7822,6739
33042,2710,1847,863
33043,2332,1527,805
33050,5218,3153,2065
33054,8504,6447,2057
33055,12386,10724,1662
33056,9375,7923,1452
33060,12744,7695,5049
33062,14643,6845,7798
33063,22651,13822,8829
33064,20894,13024,7870
33065,17886,13219,4667
33066,9212,4848,4364
33067,7626,6267,1359
33068,15766,11736,4030
33069,11070,5599,5471
33070,2407,1476,931
33071,12443,10323,2120
33073,7831,5458,2373
33076,6128,5420,708
33109,204,118,86
33122,0,0,0
33125,16982,11581,5401
33126,15399,11499,3900
33127,8593,6158,2435
33128,2835,1379,1456
33129,5542,2648,2894
33130,8381,4737,3644
33131,2883,1127,1756
33132,1942,566,1376
33133,13037,7190,5847
33134,14583,8751,5832
33135,13844,8804,5040
33136,5165,2814,2351
33137,6462,3485,2977
33138,11853,6556,5297
33139,23497,6557,16940
33140,9720,4927,4793
33141,16516,8846,7670
33142,16538,11496,5042
33143,12345,7228,5117
33144,8470,6573,1897
33145,10319,7618,2701
33146,3938,2701,1237
33147,15086,11640,3446
33149,4277,2943,1334
33150,8593,6005,2588
33154,6886,3510,3376
33155,14985,11393,3592
33156,10866,8502,2364
33157,19947,15501,4446
33158,2094,1860,234
33160,17899,8649,9250
33161,17182,12066,5116
33162,13941,10526,3415
33165,17683,14389,3294
33166,8131,5467,2664
33167,5257,4125,1132
33168,6606,5603,1003
33169,11612,8678,2934
33170,2674,2206,468
33172,13883,10216,3667
33173,11830,8717,3113
33174,9938,7879,2059
33175,15470,13619,1851
33176,18777,13775,5002
33177,12301,11021,1280
33178,5509,4139,1370
33179,15225,9340,5885
33180,10133,5732,4401
33181,7795,4198,3597
33182,3848,3542,306
33183,11497,9455,2042
33184,6083,5366,717
33185,2940,2651,289
33186,20573,15712,4861
33187,4140,3576,564
33189,6710,5160,1550
33190,1641,1224,417
33193,12381,10522,1859
33194,0,0,0
33196,10808,8935,1873
33301,5655,2093,3562
33304,9665,3307,6358
33305,6039,2375,3664
33306,2121,907,1214
33308,16141,7190,8951
33309,12681,7584,5097
33311,21629,15034,6595
33312,16966,10854,6112
33313,21201,13892,7309
33314,9688,5717,3971
33315,6246,2983,3263
33316,5870,2499,3371
33317,12238,9258,2980
33319,19919,11189,8730
33321,19411,11558,7853
33322,18913,11131,7782
33323,5894,4828,1066
33324,19221,11448,7773
33325,9385,7251,2134
33326,10767,8402,2365
33327,3935,3585,350
33328,7611,5703,1908
33330,3575,3124,451
33331,6468,5804,664
33332,1029,904,125
33334,12874,7203,5671
33351,11828,8270,3558
33388,0,0,0
33394,0,0,0
33401,9249,4045,5204
33403,5125,3055,2070
33404,11718,7581,4137
33405,7870,4947,2923
33406,9165,6417,2748
33407,10731,6436,4295
33408,8709,4825,3884
33409,9609,4975,4634
33410,11714,7532,4182
33411,15160,11331,3829
33412,2963,2647,316
33413,3607,2607,1000
33414,12582,10394,2188
33415,16010,10046,5964
33417,14047,6767,7280
33418,11336,8180,3156
33426,7344,4257,3087
33428,14082,10480,3602
33430,6393,4662,1731
33431,6851,4272,2579
33432,9087,4832,4255
33433,19443,11368,8075
33434,10280,6067,4213
33435,12546,7455,5091
33436,16537,10549,5988
33437,18274,13876,4398
33438,284,215,69
33440,5792,4507,1285
33441,11799,6455,5344
33442,15529,7503,8026
33444,7826,4867,2959
33445,13230,7569,5661
33446,8834,5000,3834
33455,7506,4952,2554
33458,12896,9202,3694
33460,12181,7005,5176
33461,14084,8488,5596
33462,11068,6886,4182
33463,15245,10861,4384
33467,16998,12395,4603
33469,6588,4473,2115
33470,5969,5047,922
33471,1954,1369,585
33476,2446,1844,602
33477,6323,3961,2362
33478,3735,3244,491
33480,6237,3178,3059
33483,6704,3317,3387
33484,13774,7805,5969
33486,9024,6150,2874
33487,7849,4788,3061
33493,783,635,148
33496,9037,6745,2292
33498,5232,4524,708
33510,8203,6239,1964
33511,16891,12223,4668
33513,3638,2470,1168
33514,548,402,146
33521,180,147,33
33523,6237,4606,1631
33525,5345,3757,1588
33527,3687,2987,700
33534,2497,1852,645
33538,2147,1428,719
33540,8095,5445,2650
33541,11159,7272,3887
33543,4619,3597,1022
33544,2578,2074,504
33547,3026,2384,642
33549,17509,12238,5271
33556,5090,4261,829
33565,6120,4707,1413
33566,7821,5559,2262
33567,8640,6756,1884
33569,13252,9856,3396
33570,4955,3619,1336
33572,3144,2349,795
33573,9118,5379,3739
33576,923,650,273
33584,7379,5629,1750
33585,327,230,97
33592,3735,2699,1036
33594,16601,13878,2723
33597,2725,2116,609
33598,2008,1676,332
33602,3718,1835,1883
33603,8195,4927,3268
33604,14841,8786,6055
33605,6156,3865,2291
33606,7300,2861,4439
33607,9328,5636,3692
33609,7483,3861,3622
33610,12054,8099,3955
33611,14570,7441,7129
33612,17587,10219,7368
33613,13433,6257,7176
33614,17995,10655,7340
33615,16776,10564,6212
33616,4804,2930,1874
33617,17242,10526,6716
33618,8293,5545,2748
33619,8720,6284,2436
33620,0,0,0
33621,613,613,0
33624,17836,12289,5547
33625,7208,5596,1612
33626,4185,3211,974
33629,10625,6129,4496
33634,7257,5019,2238
33635,5030,3325,1705
33637,5322,3082,2240
33647,10250,6829,3421
33701,8221,2373,5848
33702,14185,8011,6174
33703,11150,6935,4215
33704,7809,4285,3524
33705,11758,6548,5210
33706,9402,4786,4616
33707,13424,6829,6595
33708,9290,4777,4513
33709,12186,6842,5344
33710,14686,9135,5551
33711,7403,4910,2493
33712,10547,6717,3830
33713,13271,7846,5425
33714,7989,4436,3553
33715,3899,2415,1484
33716,5636,1829,3807
33755,10276,6280,3996
33756,12965,7304,5661
33759,8530,4833,3697
33760,6028,3544,2484
33761,9358,5798,3560
33762,3916,1980,1936
33763,9542,5083,4459
33764,10931,6578,4353
33765,6233,3412,2821
33767,5404,3019,2385
33770,12185,6457,5728
33771,14158,7693,6465
33772,10822,6458,4364
33773,7067,4609,2458
33774,8435,5139,3296
33776,5226,3871,1355
33777,6912,4881,2031
33778,5802,3815,1987
33781,10412,6496,3916
33782,8245,5334,2911
33785,3198,1601,1597
33786,754,498,256
33801,13489,8123,5366
33803,11778,6931,4847
33805,7563,5096,2467
33809,11292,8152,3140
33810,10629,8234,2395
33811,6173,4508,1665
33813,12895,10594,2301
33815,5562,3549,2013
33823,10019,7590,2429
33825,8799,6387,2412
33827,796,583,213
33830,9089,6545,2544
33834,1979,1567,412
33835,0,0,0
33837,8566,6629,1937
33838,1082,774,308
33839,556,406,150
33841,2760,2120,640
33843,3655,2728,927
33844,9857,7204,2653
33847,63,63,0
33848,175,134,41
33849,138,109,29
33850,1613,1176,437
33851,312,257,55
33852,8337,5874,2463
33853,14379,10005,4374
33857,740,445,295
33860,6014,4669,1345
33865,266,196,70
33868,3400,2751,649
33870,9677,6285,3392
33872,9574,6759,2815
33873,4512,3471,1041
33877,180,148,32
33880,13211,9037,4174
33881,12115,7727,4388
33884,8245,5939,2306
33890,1606,1308,298
33901,9032,4724,4308
33903,11205,7109,4096
33904,14940,10016,4924
33905,9206,6464,2742
33907,9842,5064,4778
33908,12285,7839,4446
33909,2981,2354,627
33912,13383,10162,3221
33913,1475,1248,227
33914,9930,7798,2132
33916,7020,4682,2338
33917,13039,8603,4436
33919,12828,7937,4891
33920,1794,1366,428
33921,811,605,206
33922,1926,1313,613
33924,216,117,99
33928,4334,3221,1113
33930,191,148,43
33931,5643,3418,2225
33935,5411,4121,1290
33936,6607,4537,2070
33944,145,127,18
33945,44,24,20
33946,480,389,91
33947,2357,1832,525
33948,6095,4387,1708
33950,9606,6638,2968
33952,13827,8856,4971
33953,1532,1123,409
33954,2836,2315,521
33955,2837,2174,663
33956,2143,1422,721
33957,2993,2134,859
33960,259,229,30
33971,2710,2241,469
33972,3132,2336,796
33975,0,0,0
33980,4461,2452,2009
33981,3120,2330,790
33982,3705,2589,1116
33983,4564,3582,982
33990,8813,6915,1898
33991,3162,2481,681
33993,1566,1211,355
34102,5956,3367,2589
34103,6611,4198,2413
34104,8457,5731,2726
34105,4734,2956,1778
34108,7723,5316,2407
34109,7752,5411,2341
34110,7363,4916,2447
34112,11990,7590,4400
34113,5700,3862,1838
34114,3493,2374,1119
34116,8089,6158,1931
34117,3119,2705,414
34119,3938,3200,738
34120,3947,3284,663
34134,5901,4191,1710
34135,10523,7351,3172
34137,137,92,45
34138,197,166,31
34139,307,213,94
34141,39,16,23
34142,5366,4332,1034
34145,7362,5346,2016
34201,1031,711,320
34202,5520,4693,827
34203,10436,7420,3016
34205,13891,7859,6032
34207,14715,8080,6635
34208,11062,8048,3014
34209,14587,9902,4685
34210,7339,4280,3059
34215,312,185,127
34216,871,570,301
34217,3369,1861,1508
34219,2268,1830,438
34221,11904,8431,3473
34222,4579,2810,1769
34223,9026,5948,3078
34224,7263,4810,2453
34228,4196,2829,1367
34229,2300,1581,719
34231,15358,8592,6766
34232,13269,8836,4433
34233,6606,4299,2307
34234,8324,4810,3514
34235,6119,4000,2119
34236,6328,2572,3756
34237,7169,3947,3222
34238,6848,4493,2355
34239,7376,4182,3194
34240,2382,1996,386
34241,4627,3763,864
34242,5030,3074,1956
34243,8974,6139,2835
34250,184,134,50
34251,1220,997,223
34266,10711,7740,2971
34268,73,64,9
34275,7161,4846,2315
34285,4541,2173,2368
34286,2959,2480,479
34287,8992,5962,3030
34292,9019,5707,3312
34293,14149,10035,4114
34420,5877,4016,1861
34428,3829,2645,1184
34429,3823,2588,1235
34431,2793,1975,818
34432,4298,3187,1111
34433,1571,1189,382
34434,1945,1409,536
34436,3795,2547,1248
34442,4681,3319,1362
34446,5634,4108,1526
34448,4578,3047,1531
34449,1556,1029,527
34450,4894,3191,1703
34452,4470,3094,1376
34453,3525,2450,1075
34461,3131,2256,875
34465,6519,4381,2138
34470,6931,4209,2722
34471,8552,5973,2579
34472,7801,5591,2210
34473,2945,2219,726
34474,6750,4165,2585
34475,3902,2561,1341
34476,5719,4290,1429
34479,5206,3710,1496
34480,3572,2762,810
34481,7309,4930,2379
34482,6201,4568,1633
34484,893,676,217
34488,4236,2815,1421
34491,7996,6139,1857
34498,281,172,109
34601,8752,5750,3002
34602,2277,1786,491
34606,11120,7812,3308
34607,3160,2369,791
34608,9644,7160,2484
34609,10877,8519,2358
34610,3763,2835,928
34613,6623,4600,2023
34614,970,761,209
34639,6824,5511,1313
34652,11938,6731,5207
34653,13718,8616,5102
34654,6417,4652,1765
34655,10463,7788,2675
34661,51,33,18
34667,13821,8923,4898
34668,19649,12119,7530
34669,4110,3029,1081
34677,7873,5605,2268
34679,139,100,39
34681,511,359,152
34683,13608,9829,3779
34684,12608,7817,4791
34685,6908,5322,1586
34689,12322,8329,3993
34690,6032,3678,2354
34691,8585,5446,3139
34695,7554,5100,2454
34698,16560,9183,7377
34705,795,606,189
34711,14312,10911,3401
34731,4122,3020,1102
34734,946,714,232
34736,2812,2255,557
34737,716,573,143
34739,313,205,108
34741,13292,8585,4707
34743,8243,6878,1365
34744,9529,7490,2039
34746,6934,4780,2154
34747,2001,1369,632
34748,13960,9502,4458
34753,871,697,174
34756,880,723,157
34758,4179,3484,695
34759,2583,2080,503
34760,231,175,56
34761,9411,7532,1879
34762,154,94,60
34769,7110,4916,2194
34771,3721,2892,829
34772,3878,3180,698
34773,555,428,127
34785,4838,3296,1542
34786,2786,2384,402
34787,8352,6035,2317
34788,7344,4974,2370
34797,461,317,144
34945,1273,907,366
34946,2653,1783,870
34947,3264,2464,800
34949,3541,2148,1393
34950,6333,3910,2423
34951,5769,4067,1702
34952,13788,9009,4779
34953,9007,7273,1734
34956,2306,1831,475
34957,9651,5883,3768
34972,5219,3987,1232
34974,8948,6245,2703
34981,1141,772,369
34982,9337,6321,3016
34983,10297,7823,2474
34984,3518,2827,691
34986,2829,2177,652
34987,387,353,34
34990,9956,7618,2338
34994,7055,3601,3454
34996,5275,3120,2155
34997,14581,9934,4647
35004,2626,1991,635
35005,3420,2608,812
35006,1131,859,272
35007,7306,5650,1656
35010,8615,6038,2577
35014,1425,1121,304
35016,6343,4698,1645
35019,777,598,179
35020,12200,8378,3822
35022,5537,4206,1331
35023,9268,6876,2392
35031,2968,2260,708
35033,1293,1064,229
35034,1670,1217,453
35035,534,440,94
35036,149,107,42
35040,2697,2085,612
35042,1922,1388,534
35043,1534,1303,231
35044,3128,2300,828
35045,5220,3699,1521
35046,1827,1331,496
35049,1187,948,239
35051,2815,2035,780
35052,59,51,8
35053,981,820,161
35054,1602,1312,290
35055,7935,5055,2880
35057,4425,3444,981
35058,3784,2925,859
35060,299,186,113
35061,457,390,67
35062,2997,2303,694
35063,1328,1001,327
35064,4806,3306,1500
35068,2202,1619,583
35070,118,90,28
35071,5533,4122,1411
35072,1979,1417,562
35073,1051,780,271
35074,60,53,7
35077,4994,3670,1324
35078,1008,768,240
35079,2649,1969,680
35080,4349,3462,887
35082,7,7,0
35083,1128,884,244
35085,3143,2384,759
35087,828,605,223
35089,950,721,229
35091,422,338,84
35094,5247,3737,1510
35096,2640,1997,643
35097,693,537,156
35098,557,393,164
35111,3753,3253,500
35112,172,131,41
35114,1489,1197,292
35115,5458,3995,1463
35116,1423,1125,298
35117,1903,1528,375
35118,1359,1021,338
35119,44,24,20
35120,2731,2202,529
35121,5355,3939,1416
35124,6471,4698,1773
35125,3608,2659,949
35126,6926,5773,1153
35127,3648,3005,643
35128,2868,2153,715
35130,1664,1213,451
35131,1563,1155,408
35133,1579,1299,280
35135,598,388,210
35136,649,463,186
35139,33,21,12
35143,1331,1032,299
35146,2591,2067,524
35147,1210,905,305
35148,1249,959,290
35149,265,196,69
35150,7460,4999,2461
35151,3292,2497,795
35160,10175,7084,3091
35171,1053,836,217
35172,829,629,200
35173,7011,5717,1294
35175,1967,1560,407
35176,360,308,52
35178,1318,1018,300
35179,3551,2770,781
35180,4900,4004,896
35183,186,138,48
35184,2056,1581,475
35186,1520,1199,321
35188,821,608,213
35203,1207,413,794
35204,6033,3609,2424
35205,11198,3441,7757
35206,8316,5535,2781
35207,4255,2949,1306
35208,6499,4573,1926
35209,14101,6839,7262
35210,5453,3561,1892
35211,11804,8144,3660
35212,6074,3915,2159
35213,6123,3961,2162
35214,8470,6123,2347
35215,18109,12916,5193
35216,14119,8284,5835
35217,6051,4149,1902
35218,3847,2647,1200
35221,2409,1660,749
35222,4052,2062,1990
35223,4340,3249,1091
35224,2720,1967,753
35226,10548,8019,2529
35228,4312,3039,1273
35233,81,0,81
35234,2727,1717,1010
35235,7394,5512,1882
35242,12669,8811,3858
35243,6991,4415,2576
35244,10515,7511,3004
35401,14328,6524,7804
35403,0,0,0
35404,7849,4774,3075
35405,12573,8734,3839
35406,4514,3010,1504
35441,613,420,193
35442,2201,1504,697
35443,908,571,337
35444,1153,897,256
35446,649,525,124
35447,1344,1003,341
35452,1122,868,254
35453,3338,2517,821
35456,1446,1105,341
35457,22,22,0
35458,103,69,34
35459,351,248,103
35460,262,151,111
35461,826,619,207
35462,2313,1583,730
35463,498,387,111
35464,213,134,79
35466,2197,1649,548
35469,192,124,68
35470,2078,1267,811
35471,19,14,5
35473,5215,3777,1438
35474,1967,1440,527
35475,4047,3317,730
35476,3042,1860,1182
35477,131,93,38
35480,382,312,70
35481,1527,1060,467
35490,1015,792,223
35501,4894,3219,1675
35503,3483,2604,879
35504,5213,3876,1337
35540,865,683,182
35541,1416,1037,379
35542,451,381,70
35543,417,299,118
35544,324,240,84
35545,73,52,21
35546,1591,1190,401
35548,758,541,217
35549,1857,1300,557
35550,2535,1754,781
35552,396,269,127
35553,1961,1450,511
35554,600,427,173
35555,4451,3046,1405
35559,30,26,4
35563,1928,1392,536
35564,1015,701,314
35565,5927,4313,1614
35570,4448,3160,1288
35571,418,309,109
35572,498,353,145
35574,686,526,160
35575,449,347,102
35576,1444,1043,401
35578,2321,1727,594
35579,1203,873,330
35580,1854,1436,418
35581,2349,1832,517
35582,1814,1299,515
35584,143,109,34
35585,575,442,133
35586,2053,1500,553
35587,420,290,130
35592,2015,1447,568
35593,846,630,216
35594,3064,2247,817
35601,13983,9224,4759
35603,10332,7619,2713
35610,887,654,233
35611,9446,6314,3132
35613,4606,3846,760
35614,2662,2083,579
35616,1935,1502,433
35618,938,600,338
35619,1947,1564,383
35620,2649,2009,640
35621,770,616,154
35622,2615,2026,589
35630,13855,7847,6008
35633,7591,6015,1576
35634,3600,2949,651
35640,8363,6332,2031
35643,1241,957,284
35645,4878,3900,978
35646,2045,1511,534
35647,380,329,51
35648,1532,1116,416
35649,23,17,6
35650,5381,4035,1346
35651,464,354,110
35652,3224,2377,847
35653,4495,3159,1336
35654,2537,1926,611
35660,4159,2651,1508
35661,6356,4771,1585
35670,2783,2166,617
35671,807,628,179
35672,2631,2040,591
35673,2874,2298,576
35674,7427,5241,2186
35677,758,578,180
35739,1538,1149,389
35740,1611,1116,495
35741,899,753,146
35742,0,0,0
35744,953,731,222
35745,162,94,68
35746,319,246,73
35747,2209,1674,535
35748,2080,1582,498
35749,4421,3664,757
35750,4299,3482,817
35751,122,82,40
35752,858,654,204
35754,1958,1452,506
35755,249,156,93
35756,1586,1177,409
35757,2724,2210,514
35758,11725,8504,3221
35759,1579,1368,211
35760,1952,1435,517
35761,3084,2432,652
35763,2555,2150,405
35764,205,168,37
35765,1531,1189,342
35766,30,24,6
35768,4672,3249,1423
35769,3896,2853,1043
35771,1431,1091,340
35772,2104,1511,593
35773,3414,2728,686
35774,34,29,5
35775,235,157,78
35776,1583,1210,373
35801,10318,5891,4427
35802,9530,6011,3519
35803,9918,7521,2397
35805,9452,5121,4331
35806,4834,2876,1958
35808,498,445,53
35810,10840,7787,3053
35811,8609,6476,2133
35816,6748,3374,3374
35824,1485,802,683
35901,8335,5401,2934
35903,7757,5246,2511
35904,6315,4420,1895
35905,2188,1713,475
35906,3792,2693,1099
35907,2597,2131,466
35950,6946,5002,1944
35951,2558,1975,583
35952,2954,2313,641
35953,2624,2050,574
35954,5095,3739,1356
35956,3172,2425,747
35957,5958,4273,1685
35958,1259,993,266
35959,1786,1338,448
35960,3946,2828,1118
35961,2280,1588,692
35962,2976,2294,682
35963,593,515,78
35966,1450,1108,342
35967,6676,4759,1917
35968,458,362,96
35971,1890,1416,474
35972,329,252,77
35973,1267,962,305
35974,661,443,218
35975,505,396,109
35976,6482,4559,1923
35978,2185,1688,497
35979,436,362,74
35980,1700,1316,384
35981,868,640,228
35983,1230,939,291
35984,702,475,227
35986,3087,2268,819
35987,1106,849,257
35988,674,510,164
35989,1357,1024,333
35990,17,17,0
36003,643,440,203
36005,722,496,226
36006,498,374,124
36009,1126,795,331
36010,1997,1326,671
36013,52,37,15
36016,1517,1086,431
36017,685,503,182
36020,355,290,65
36022,3444,2848,596
36024,2065,1549,516
36025,901,753,148
36026,436,356,80
36027,6860,4876,1984
36028,829,559,270
36029,447,299,148
36030,205,162,43
36031,92,77,15
36032,975,692,283
36033,1898,1278,620
36034,304,196,108
36035,726,484,242
36036,948,739,209
36037,5433,3847,1586
36039,86,64,22
36040,1585,1107,478
36041,536,347,189
36042,522,397,125
36043,1494,1130,364
36046,619,492,127
36047,592,456,136
36048,743,573,170
36049,2171,1476,695
36051,668,491,177
36052,223,164,59
36053,1034,694,340
36054,3904,3130,774
36064,1770,1457,313
36065,48,48,0
36066,4681,3726,955
36067,8380,6427,1953
36069,935,611,324
36071,225,168,57
36075,750,543,207
36078,4826,3382,1444
36079,3037,2166,871
36080,872,665,207
36081,5738,3396,2342
36083,4488,2740,1748
36088,1673,868,805
36089,2973,2022,951
36091,1285,972,313
36092,6155,4526,1629
36093,2432,2082,350
36104,5753,3214,2539
36105,5429,3861,1568
36106,5846,3543,2303
36107,4137,2253,1884
36108,8987,6237,2750
36109,10525,7165,3360
36110,4847,3467,1380
36111,5280,3261,2019
36113,187,155,32
36115,213,192,21
36116,14779,10108,4671
36117,15098,9751,5347
36201,8911,5902,3009
36203,6480,4802,1678
36205,9,4,5
36206,4834,3361,1473
36207,7640,5013,2627
36250,1608,1225,383
36251,2073,1487,586
36255,322,253,69
36256,409,290,119
36258,551,400,151
36260,1797,1396,401
36262,483,352,131
36263,213,162,51
36264,3498,2620,878
36265,6168,3852,2316
36266,2331,1593,738
36267,22,22,0
36268,2042,1589,453
36269,485,366,119
36270,473,354,119
36271,2265,1727,538
36272,5631,4143,1488
36273,1106,817,289
36274,4406,3128,1278
36276,983,698,285
36277,2013,1560,453
36278,1366,973,393
36279,997,744,253
36280,1184,873,311
36301,13282,9212,4070
36303,11090,7764,3326
36305,4075,2718,1357
36310,2834,1990,844
36311,1233,911,322
36312,2262,1694,568
36313,90,49,41
36314,221,168,53
36316,754,617,137
36317,191,150,41
36318,493,353,140
36319,919,671,248
36320,1329,963,366
36322,3216,2124,1092
36323,3386,2456,930
36330,11540,8208,3332
36340,2244,1533,711
36343,618,437,181
36344,2121,1546,575
36345,2682,2043,639
36346,777,631,146
36350,2163,1549,614
36351,1266,951,315
36352,1638,1324,314
36353,724,516,208
36360,8348,5879,2469
36362,1409,1357,52
36370,308,265,43
36371,293,212,81
36373,252,174,78
36374,417,266,151
36375,2919,2167,752
36376,1235,908,327
36401,3454,2313,1141
36420,8240,5717,2523
36425,464,367,97
36426,6442,4510,1932
36432,1135,789,346
36435,319,201,118
36436,186,102,84
36441,1481,1079,402
36442,1462,946,516
36444,356,253,103
36445,2008,1515,493
36446,253,202,51
36451,2124,1612,512
36453,1081,752,329
36455,207,130,77
36456,856,620,236
36460,4571,3297,1274
36467,3979,2809,1170
36470,84,46,38
36471,559,323,236
36473,34,27,7
36474,1217,897,320
36475,1094,751,343
36476,99,55,44
36477,1875,1353,522
36480,589,449,140
36481,175,131,44
36482,441,316,125
36483,165,130,35
36501,201,146,55
36502,6390,4529,1861
36505,370,309,61
36507,6943,5198,1745
36509,851,667,184
36511,121,115,6
36513,157,111,46
36515,125,91,34
36518,1133,848,285
36521,1688,1394,294
36522,2336,1857,479
36523,1198,912,286
36524,565,390,175
36525,832,690,142
36526,7691,5638,2053
36527,2770,2152,618
36528,568,398,170
36529,232,177,55
36530,2553,1856,697
36532,9050,6406,2644
36535,7184,5111,2073
36538,201,152,49
36539,193,149,44
36540,164,125,39
36541,4470,3599,871
36542,3551,2423,1128
36544,3729,3022,707
36545,3340,2523,817
36548,418,313,105
36549,2073,1520,553
36550,129,91,38
36551,2134,1649,485
36553,1235,949,286
36556,117,93,24
36558,1525,1134,391
36559,132,92,40
36560,1579,1208,371
36561,2084,1311,773
36562,566,462,104
36564,47,35,12
36567,3831,2997,834
36569,410,319,91
36570,199,126,73
36571,5219,4040,1179
36572,2049,1724,325
36574,434,395,39
36575,5360,4362,998
36576,1298,970,328
36577,0,0,0
36578,211,164,47
36579,727,549,178
36580,1743,1335,408
36581,26,19,7
36582,7552,5807,1745
36583,187,140,47
36584,366,282,84
36585,393,304,89
36587,3048,2486,562
36602,555,88,467
36603,4220,2765,1455
36604,4735,2640,2095
36605,12409,8911,3498
36606,8159,4792,3367
36607,3309,1799,1510
36608,14562,9345,5217
36609,10298,6268,4030
36610,6701,4879,1822
36611,2762,1726,1036
36612,1863,1340,523
36613,4057,3236,821
36617,5873,4240,1633
36618,5798,4449,1349
36619,4891,3855,1036
36693,7245,5196,2049
36695,12096,9458,2638
36701,10063,7139,2924
36703,5082,3568,1514
36720,252,218,34
36722,240,160,80
36723,115,95,20
36726,2141,1477,664
36727,81,27,54
36728,178,122,56
36732,3482,2497,985
36736,577,399,178
36738,307,230,77
36740,510,365,145
36742,959,727,232
36744,3012,2165,847
36748,1620,1167,453
36749,458,359,99
36750,1171,906,265
36751,288,219,69
36752,719,507,212
36754,171,134,37
36756,2103,1430,673
36758,641,474,167
36759,656,488,168
36761,535,402,133
36763,68,50,18
36765,506,376,130
36767,862,564,298
36768,244,186,58
36769,1111,799,312
36773,235,145,90
36775,447,386,61
36776,590,448,142
36779,232,177,55
36782,983,711,272
36783,446,312,134
36784,3263,2378,885
36785,561,434,127
36786,1377,993,384
36790,81,42,39
36792,329,265,64
36793,340,266,74
36801,8182,5614,2568
36804,5580,4421,1159
36830,12033,5524,6509
36832,8537,2870,5667
36849,0,0,0
36850,1238,863,375
36852,754,550,204
36853,3211,2267,944
36854,5675,4088,1587
36855,622,437,185
36856,446,381,65
36858,164,115,49
36860,897,561,336
36861,1387,1111,276
36862,2679,1924,755
36863,5526,3907,1619
36866,1416,1059,357
36867,8092,5273,2819
36869,7232,5032,2200
36870,4087,3312,775
36871,608,453,155
36874,2479,1964,515
36875,1862,1365,497
36877,3914,3117,797
36879,454,237,217
36901,160,121,39
36904,1939,1344,595
36907,908,608,300
36908,1261,935,326
36910,26,0,26
36912,919,640,279
36915,318,251,67
36916,276,201,75
36919,850,646,204
36921,277,192,85
36922,387,263,124
36925,1469,981,488
37010,1120,921,199
37012,731,554,177
37013,21643,12996,8647
37014,602,501,101
37015,6081,4730,1351
37016,232,170,62
37018,695,475,220
37019,338,260,78
37020,1365,996,369
37022,1643,1323,320
37023,590,438,152
37025,1929,1460,469
37026,708,585,123
37027,12879,10265,2614
37028,227,190,37
37029,1535,1291,244
37030,2842,1995,847
37031,1043,769,274
37032,1228,984,244
37033,2908,2060,848
37034,1782,1427,355
37035,1023,799,224
37036,1989,1478,511
37037,1488,1225,263
37040,11847,8035,3812
37042,18839,14648,4191
37043,12224,8954,3270
37046,1104,912,192
37047,872,655,217
37048,1846,1501,345
37049,1014,818,196
37050,695,548,147
37051,1179,933,246
37052,893,695,198
37055,9466,6785,2681
37057,374,297,77
37058,2690,1956,734
37059,670,486,184
37060,669,481,188
37061,1917,1373,544
37062,3338,2594,744
37064,13467,10348,3119
37066,13005,9649,3356
37067,6101,4325,1776
37069,5482,4683,799
37072,10403,7481,2922
37073,4182,3409,773
37074,2417,1676,741
37075,18509,14021,4488
37076,12511,7827,4684
37078,262,189,73
37079,995,803,192
37080,2670,2058,612
37082,2136,1707,429
37083,4961,3677,1284
37085,1016,823,193
37086,6617,5294,1323
37087,12253,8858,3395
37090,4436,3530,906
37091,7458,5330,2128
37095,810,603,207
37096,2242,1615,627
37097,780,573,207
37098,1701,1307,394
37101,2328,1742,586
37110,12616,8901,3715
37115,15595,8751,6844
37118,323,279,44
37122,11486,9664,1822
37127,4145,3200,945
37128,6512,5050,1462
37129,13786,10530,3256
37130,17033,9357,7676
37134,1203,909,294
37135,1419,1243,176
37137,768,606,162
37138,8646,6409,2237
37140,88,35,53
37141,333,262,71
37142,551,437,114
37143,1489,1222,267
37144,1321,999,322
37145,695,537,158
37146,1477,1238,239
37147,266,174,92
37148,6390,4884,1506
37149,746,578,168
37150,1841,1321,520
37151,210,151,59
37152,9,9,0
37153,1593,1347,246
37160,10028,7368,2660
37166,4889,3483,1406
37167,12619,9622,2997
37171,359,291,68
37172,9237,6934,2303
37174,2719,2290,429
37175,476,310,166
37178,693,544,149
37179,2241,1962,279
37180,842,705,137
37181,626,462,164
37183,1017,765,252
37184,2117,1612,505
37185,3484,2396,1088
37186,3273,2519,754
37187,2156,1632,524
37188,3596,2936,660
37189,858,654,204
37190,3235,2331,904
37191,1374,1108,266
37201,224,26,198
37203,5151,2124,3027
37204,5099,2580,2519
37205,10189,5529,4660
37206,10927,6684,4243
37207,13236,9597,3639
37208,6021,3448,2573
37209,13310,7466,5844
37210,6739,3731,3008
37211,27547,15305,12242
37212,7231,2545,4686
37213,0,0,0
37214,11852,6798,5054
37215,9905,5449,4456
37216,7811,5059,2752
37217,12219,6636,5583
37218,5120,3734,1386
37219,470,64,406
37220,2500,1922,578
37221,15161,9664,5497
37228,208,0,208
37301,589,465,124
37302,990,748,242
37303,9631,6711,2920
37305,280,209,71
37306,895,724,171
37307,1979,1474,505
37308,858,727,131
37309,770,620,150
37310,1325,995,330
37311,10199,6180,4019
37312,10692,8110,2582
37313,530,398,132
37316,57,52,5
37317,1078,764,314
37318,771,569,202
37321,6160,4486,1674
37322,3073,2291,782
37323,9830,7822,2008
37324,2079,1478,601
37325,667,532,135
37326,239,141,98
37327,3508,2668,840
37328,546,407,139
37329,2080,1616,464
37330,2517,1993,524
37331,3342,2337,1005
37332,897,712,185
37333,259,208,51
37334,8081,5744,2337
37335,1068,862,206
37336,1278,1012,266
37337,595,392,203
37338,1000,745,255
37339,776,610,166
37340,325,236,89
37341,4207,3568,639
37342,1123,907,216
37343,14202,11011,3191
37345,852,609,243
37347,3047,2232,815
37348,356,278,78
37350,825,606,219
37351,110,77,33
37352,1153,847,306
37353,1520,1090,430
37354,5515,4016,1499
37355,8627,6396,2231
37356,982,690,292
37357,1919,1414,505
37359,230,171,59
37360,674,511,163
37361,541,426,115
37362,1122,878,244
37363,8439,6891,1548
37365,613,438,175
37366,344,250,94
37367,3499,2621,878
37369,363,289,74
37370,1532,1229,303
37373,1051,774,277
37374,672,514,158
37375,1029,714,315
37376,232,150,82
37377,5605,4248,1357
37379,8872,7059,1813
37380,2479,1756,723
37381,3299,2328,971
37385,3032,2224,808
37387,1598,1145,453
37388,9499,6833,2666
37391,577,405,172
37394,18,17,1
37396,115,103,12
37397,3883,2902,981
37398,5582,4172,1410
37402,2434,594,1840
37403,1237,403,834
37404,5012,3133,1879
37405,6272,3092,3180
37406,5703,4112,1591
37407,3212,2049,1163
37408,775,425,350
37409,1097,681,416
37410,1750,1171,579
37411,7439,4680,2759
37412,9285,5693,3592
37415,11140,6322,4818
37416,6074,4241,1833
37419,2290,1643,647
37421,16610,11120,5490
37601,14502,9164,5338
37604,14075,8176,5899
37614,57,57,0
37615,6631,4860,1771
37616,1805,1356,449
37617,5026,3847,1179
37618,4850,3627,1223
37620,16409,11241,5168
37640,1536,1094,442
37641,2796,2105,691
37642,5646,4175,1471
37643,13997,9844,4153
37645,1976,1565,411
37650,5421,3682,1739
37656,1473,1107,366
37657,370,280,90
37658,1855,1359,496
37659,8744,6681,2063
37660,17475,11759,5716
37663,5616,4393,1223
37664,11016,7769,3247
37665,1945,1314,631
37680,230,183,47
37681,2294,1690,604
37683,4695,3221,1474
37684,7,7,0
37686,2644,2061,583
37687,2073,1515,558
37688,495,347,148
37690,1152,927,225
37691,367,301,66
37692,1832,1357,475
37694,575,444,131
37701,2743,1796,947
37705,1522,1188,334
37708,2606,1958,648
37709,1288,965,323
37710,555,442,113
37711,1773,1293,480
37713,578,435,143
37714,1716,1249,467
37715,410,331,79
37716,10061,7122,2939
37719,41,26,15
37721,3845,3046,799
37722,2017,1472,545
37723,302,228,74
37724,1225,948,277
37725,4970,3770,1200
37726,659,467,192
37727,886,659,227
37729,632,484,148
37730,9,9,0
37731,396,261,135
37732,85,53,32
37737,1847,1438,409
37738,2360,1566,794
37742,1697,1373,324
37743,9802,6926,2876
37744,0,0,0
37745,7153,4766,2387
37748,7412,5158,2254
37752,1967,1476,491
37753,386,230,156
37754,1739,1348,391
37755,1294,992,302
37756,1066,773,293
37757,3525,2641,884
37760,4661,3222,1439
37762,1390,964,426
37763,6175,4465,1710
37764,3149,2429,720
37765,216,142,74
37766,7439,5265,2174
37769,2545,1771,774
37770,1021,768,253
37771,5144,3621,1523
37772,3600,2735,865
37774,6083,4651,1432
37777,4891,3035,1856
37779,1256,976,280
37801,8092,5688,2404
37803,10729,8277,2452
37804,8554,6137,2417
37806,1081,780,301
37807,3571,2747,824
37809,765,648,117
37810,731,509,222
37811,1131,879,252
37813,6669,4708,1961
37814,12288,8560,3728
37818,1832,1316,516
37819,310,233,77
37820,2572,1971,601
37821,9020,6342,2678
37825,3141,2181,960
37826,1433,1114,319
37828,609,433,176
37829,598,468,130
37830,11991,7649,4342
37840,4215,3256,959
37841,3513,2509,1004
37843,1203,909,294
37845,263,193,70
37846,1593,1262,331
37847,1052,769,283
37848,128,78,50
37849,8435,6269,2166
37852,1008,759,249
37853,1452,1108,344
37854,4854,3465,1389
37857,8315,5933,2382
37860,1280,1045,235
37861,2842,2094,748
37862,7391,5038,2353
37863,2122,1528,594
37865,6559,5188,1371
37866,673,543,130
37869,1965,1373,592
37870,1813,1387,426
37871,3235,2520,715
37872,768,595,173
37873,1737,1282,455
37874,5124,3655,1469
37876,7800,5884,1916
37877,3168,2489,679
37878,230,145,85
37879,3983,2953,1030
37880,1168,967,201
37881,814,599,215
37882,1033,711,322
37885,1595,1238,357
37886,1498,1156,342
37887,1971,1476,495
37888,1044,834,210
37890,2271,1702,569
37891,1296,919,377
37892,730,537,193
37902,706,77,629
37909,6092,2895,3197
37912,8751,4841,3910
37914,8291,5494,2797
37915,2585,1285,1300
37916,2781,314,2467
37917,11645,5832,5813
37918,14908,10222,4686
37919,13163,6813,6350
37920,16060,9972,6088
37921,10671,7313,3358
37922,16489,13310,3179
37923,11447,6883,4564
37924,3912,2675,1237
37931,7315,5295,2020
37932,4216,3176,1040
37938,5106,4272,834
38001,1735,1204,531
38002,6309,4978,1331
38004,4127,3415,712
38006,1924,1398,526
38008,3939,2811,1128
38011,3063,2547,516
38012,5729,4086,1643
38015,1067,824,243
38017,11853,10229,1624
38018,21248,14708,6540
38019,5774,4189,1585
38021,28,17,11
38023,838,684,154
38024,11134,7786,3348
38028,1666,1424,242
38030,63,63,0
38034,1357,1045,312
38036,117,61,56
38037,644,475,169
38039,703,573,130
38040,2156,1613,543
38041,1008,699,309
38042,363,270,93
38044,360,224,136
38046,47,40,7
38047,28,10,18
38049,1515,1141,374
38050,198,101,97
38052,1441,1039,402
38053,9836,7765,2071
38057,1279,984,295
38058,1385,1151,234
38059,2592,1940,652
38060,1487,1195,292
38061,420,308,112
38063,6476,4682,1794
38066,813,565,248
38067,544,361,183
38068,3601,2707,894
38069,994,722,272
38075,1221,890,331
38076,171,118,53
38079,1532,1002,530
38080,1088,781,307
38103,3635,983,2652
38104,13216,4831,8385
38105,3750,1662,2088
38106,12421,8185,4236
38107,8184,5210,2974
38108,8471,5554,2917
38109,17536,13325,4211
38111,18817,10248,8569
38112,7440,4286,3154
38114,12643,8615,4028
38115,17209,10103,7106
38116,18129,13041,5088
38117,11622,7132,4490
38118,16160,11753,4407
38119,9688,6033,3655
38120,6001,3965,2036
38122,10673,6148,4525
38125,8614,6857,1757
38126,2599,1663,936
38127,17343,13229,4114
38128,16096,11527,4569
38131,0,0,0
38132,16,16,0
38133,6550,5379,1171
38134,14517,10095,4422
38135,8528,6983,1545
38138,8638,6881,1757
38139,4656,4241,415
38141,7674,5946,1728
38157,5,5,0
38201,3898,2753,1145
38220,823,606,217
38221,1404,1025,379
38222,943,745,198
38224,384,311,73
38225,2564,1812,752
38226,167,130,37
38229,1201,883,318
38230,1630,1173,457
38231,743,607,136
38232,909,670,239
38233,1254,898,356
38235,99,61,38
38236,292,182,110
38237,5892,3673,2219
38240,964,706,258
38241,360,267,93
38242,8074,5375,2699
38251,1079,822,257
38253,416,361,55
38255,991,692,299
38256,1432,956,476
38257,2006,1463,543
38258,711,482,229
38259,387,287,100
38260,1440,1108,332
38261,6890,4760,2130
38301,15636,10162,5474
38305,15715,11317,4398
38310,2261,1684,577
38311,391,309,82
38313,1161,895,266
38315,1483,1103,380
38316,1183,858,325
38317,1124,794,330
38318,226,174,52
38320,4470,3154,1316
38321,849,638,211
38326,1083,729,354
38327,214,145,69
38328,330,205,125
38329,1303,919,384
38330,1796,1305,491
38332,501,397,104
38333,244,182,62
38334,697,530,167
38337,617,454,163
38339,257,189,68
38340,4131,2991,1140
38341,894,666,228
38342,642,452,190
38343,6441,4565,1876
38344,3665,2640,1025
38345,741,537,204
38347,143,122,21
38348,505,359,146
38351,6607,4719,1888
38352,169,128,41
38355,1023,755,268
38356,946,713,233
38357,1059,823,236
38358,4820,3323,1497
38359,117,87,30
38361,364,289,75
38362,299,246,53
38363,2503,1739,764
38366,799,648,151
38367,1088,797,291
38368,765,567,198
38369,835,571,264
38370,306,178,128
38371,618,469,149
38372,6959,4965,1994
38374,638,494,144
38375,3569,2418,1151
38376,181,128,53
38378,37,37,0
38379,411,300,111
38380,199,117,82
38381,573,436,137
38382,3999,2796,1203
38387,130,105,25
38388,738,561,177
38390,358,246,112
38391,429,317,112
38392,313,220,93
38401,19426,13991,5435
38425,719,469,250
38449,1091,816,275
38450,1133,829,304
38451,1421,1209,212
38452,389,289,100
38453,98,76,22
38454,464,375,89
38456,1390,1046,344
38457,351,257,94
38459,162,113,49
38460,531,400,131
38461,423,344,79
38462,3807,2724,1083
38463,1057,814,243
38464,8924,6316,2608
38468,1679,1334,345
38469,1562,1190,372
38471,273,219,54
38472,1093,821,272
38473,445,339,106
38474,2764,2057,707
38475,211,155,56
38476,395,345,50
38477,1126,840,286
38478,7205,4966,2239
38481,411,298,113
38482,514,364,150
38483,1668,1330,338
38485,2562,1860,702
38486,307,251,56
38487,352,288,64
38488,858,675,183
38501,13399,8024,5375
38504,302,255,47
38506,8880,6628,2252
38541,575,433,142
38542,24,16,8
38543,240,147,93
38544,2366,1651,715
38545,428,313,115
38547,562,404,158
38548,245,204,41
38549,1532,1096,436
38551,1789,1222,567
38552,237,172,65
38553,792,613,179
38554,378,300,78
38555,13114,9637,3477
38556,4981,3471,1510
38558,4445,3465,980
38559,515,391,124
38560,501,381,120
38562,2580,1818,762
38563,752,584,168
38564,240,150,90
38565,160,140,20
38567,304,236,68
38568,778,483,295
38569,173,131,42
38570,3964,2814,1150
38573,781,604,177
38574,2844,2176,668
38575,504,357,147
38577,501,361,140
38579,391,304,87
38580,394,272,122
38581,1526,1178,348
38582,533,395,138
38583,8491,6185,2306
38585,1690,1264,426
38587,486,414,72
38588,442,292,150
38589,46,46,0
38601,911,667,244
38603,1096,754,342
38606,5590,4096,1494
38609,35,27,8
38610,1267,1005,262
38611,5314,4073,1241
38614,8083,5720,2363
38617,427,288,139
38618,3868,2865,1003
38619,1757,1337,420
38620,1124,896,228
38621,868,630,238
38622,279,154,125
38623,145,103,42
38625,431,326,105
38626,461,314,147
38627,358,288,70
38629,677,473,204
38630,47,33,14
38631,523,376,147
38632,5798,4580,1218
38633,774,584,190
38635,5455,4043,1412
38637,5385,4001,1384
38639,366,283,83
38641,708,540,168
38642,810,615,195
38643,1041,761,280
38644,75,54,21
38645,630,451,179
38646,1350,944,406
38647,165,137,28
38649,39,30,9
38650,1357,1007,350
38651,2445,2026,419
38652,6013,4390,1623
38654,9798,8015,1783
38655,12132,6782,5350
38658,786,624,162
38659,1257,966,291
38661,765,582,183
38663,4505,3195,1310
38664,614,357,257
38665,722,489,233
38666,2592,1822,770
38668,4360,3453,907
38669,28,14,14
38670,382,282,100
38671,10476,7791,2685
38672,491,465,26
38673,200,120,80
38674,400,309,91
38676,2278,1605,673
38677,97,66,31
38680,3078,2379,699
38683,1898,1383,515
38685,18,9,9
38701,10665,7578,3087
38703,6274,4570,1704
38720,148,122,26
38721,577,402,175
38722,331,220,111
38723,61,53,8
38725,437,322,115
38726,425,323,102
38730,528,451,77
38732,6645,4526,2119
38736,162,115,47
38737,1226,896,330
38738,97,72,25
38739,48,29,19
38740,273,204,69
38744,381,279,102
38745,53,41,12
38746,393,296,97
38748,1795,1364,431
38751,4447,3348,1099
38753,589,446,143
38754,948,722,226
38756,2639,1968,671
38758,13,8,5
38759,509,351,158
38760,268,198,70
38761,862,676,186
38762,1106,834,272
38763,32,22,10
38764,137,96,41
38765,53,39,14
38767,44,35,9
38768,78,64,14
38769,773,542,231
38771,1141,864,277
38772,45,36,9
38773,1648,1233,415
38774,1132,793,339
38778,679,534,145
38801,10821,7720,3101
38804,6798,4563,2235
38821,5082,3696,1386
38824,3286,2417,869
38826,1321,1077,244
38827,1173,863,310
38828,1260,970,290
38829,7099,5088,2011
38833,972,723,249
38834,11156,7566,3590
38838,513,399,114
38841,1012,759,253
38843,4513,3212,1301
38844,114,89,25
38846,895,691,204
38847,1343,1060,283
38848,263,213,50
38849,1510,1119,391
38850,1090,816,274
38851,3425,2495,930
38852,3926,2708,1218
38855,1752,1323,429
38856,712,535,177
38857,960,736,224
38858,2714,2081,633
38859,288,197,91
38860,2153,1612,541
38862,1208,838,370
38863,6830,5022,1808
38864,739,585,154
38865,1839,1479,360
38866,3387,2531,856
38868,1990,1469,521
38869,167,123,44
38870,1166,845,321
38871,592,506,86
38873,1028,694,334
38874,33,21,12
38876,500,364,136
38878,1025,751,274
38879,321,206,115
38880,27,20,7
38901,7620,5478,2142
38913,185,131,54
38914,168,125,43
38915,1704,1155,549
38916,2124,1535,589
38917,1281,1024,257
38920,255,218,37
38921,1973,1408,565
38922,1373,961,412
38923,447,319,128
38924,390,297,93
38925,979,679,300
38927,393,270,123
38928,249,161,88
38929,479,369,110
38930,10426,7149,3277
38940,768,575,193
38941,1594,1175,419
38943,186,122,64
38944,294,217,77
38946,137,110,27
38947,269,159,110
38948,875,645,230
38949,63,63,0
38950,214,126,88
38951,477,343,134
38952,251,187,64
38953,218,155,63
38954,690,506,184
38957,341,251,90
38959,52,37,15
38961,499,380,119
38962,133,97,36
38963,644,474,170
38964,62,44,18
38965,3591,2525,1066
38966,473,308,165
38967,3035,2189,846
39038,1945,1430,515
39039,750,603,147
39040,1258,923,335
39041,1120,833,287
39042,9982,7697,2285
39044,1372,1031,341
39045,373,265,108
39046,7363,5675,1688
39047,9543,7341,2202
39051,5617,4128,1489
39054,373,279,94
39056,9016,6684,2332
39057,719,518,201
39059,4476,3341,1135
39060,0,0,0
39061,40,36,4
39062,157,107,50
39063,1442,1017,425
39066,1623,1223,400
39067,579,411,168
39069,2105,1471,634
39071,1550,1196,354
39073,6366,4966,1400
39074,5857,4330,1527
39078,326,233,93
39079,531,405,126
39082,490,373,117
39083,3663,2691,972
39086,818,592,226
39088,34,26,8
39090,5206,3686,1520
39092,914,694,220
39094,1299,1021,278
39095,2842,1998,844
39096,831,533,298
39097,409,292,117
39098,73,62,11
39107,61,54,7
39108,836,624,212
39109,22,15,7
39110,8178,6897,1281
39111,3925,2792,1133
39112,8,8,0
39113,303,196,107
39114,3574,2728,846
39115,56,31,25
39116,930,694,236
39117,3727,2819,908
39119,2054,1489,565
39120,13791,9581,4210
39140,877,625,252
39144,429,304,125
39145,1828,1412,416
39146,1063,837,226
39148,17,12,5
39149,669,482,187
39150,2302,1602,700
39151,7,7,0
39152,466,401,65
39153,1322,985,337
39154,2986,2301,685
39156,129,101,28
39157,9364,5108,4256
39159,1204,881,323
39160,1004,729,275
39161,30,21,9
39162,84,59,25
39166,310,222,88
39168,2252,1744,508
39169,1218,882,336
39170,2580,2228,352
39174,168,122,46
39175,1627,1194,433
39176,877,645,232
39177,71,61,10
39179,440,339,101
39180,12569,8845,3724
39183,6085,4385,1700
39189,1221,882,339
39191,2566,1954,612
39192,792,577,215
39194,6601,4726,1875
39201,222,84,138
39202,3948,1604,2344
39203,2824,1816,1008
39204,7447,4811,2636
39206,10592,7028,3564
39208,11551,7709,3842
39209,11559,8472,3087
39210,0,0,0
39211,10603,6658,3945
39212,14049,10609,3440
39213,9569,6713,2856
39216,1539,714,825
39218,2362,1761,601
39269,0,0,0
39301,11375,7575,3800
39305,7670,5313,2357
39307,6792,4495,2297
39320,763,591,172
39322,717,550,167
39323,379,300,79
39325,1849,1528,321
39326,321,250,71
39327,1481,1078,403
39328,1785,1274,511
39330,1056,745,311
39332,669,501,168
39335,1322,968,354
39336,463,376,87
39337,776,618,158
39338,1287,904,383
39339,6163,4510,1653
39341,2956,2121,835
39345,2518,1763,755
39346,1075,757,318
39347,524,364,160
39348,165,120,45
39350,8218,6019,2199
39352,352,247,105
39354,786,594,192
39355,2923,2126,797
39356,335,262,73
39358,601,421,180
39359,140,97,43
39360,1557,1151,406
39361,652,446,206
39362,1041,745,296
39363,797,565,232
39364,1081,816,265
39365,3156,2279,877
39366,633,464,169
39367,5949,4485,1464
39401,15594,9246,6348
39402,11974,8117,3857
39421,1216,941,275
39422,2233,1697,536
39423,957,770,187
39425,379,322,57
39426,4857,3934,923
39427,539,384,155
39428,3457,2584,873
39429,6335,4610,1725
39436,30,25,5
39437,4132,3119,1013
39439,1724,1345,379
39440,8266,5439,2827
39443,7770,5980,1790
39451,1497,1089,408
39452,8014,6392,1622
39455,2609,1964,645
39456,549,402,147
39459,1268,939,329
39461,158,107,51
39462,470,358,112
39464,906,686,220
39465,6344,4814,1530
39466,9221,6776,2445
39470,4134,3129,1005
39474,2566,1844,722
39475,3402,2639,763
39476,2668,2070,598
39477,388,283,105
39478,656,490,166
39479,2146,1673,473
39480,933,717,216
39481,914,719,195
39482,2715,2174,541
39483,2005,1554,451
39501,9529,5958,3571
39503,12817,9796,3021
39507,8436,4957,3479
39520,6850,4511,2339
39525,2557,1907,650
39530,6294,3457,2837
39531,8313,5223,3090
39532,12334,9399,2935
39553,6005,4614,1391
39556,1541,1182,359
39560,7373,5348,2025
39561,457,365,92
39562,5767,4665,1102
39563,5875,4289,1586
39564,11995,8872,3123
39565,4738,3891,847
39567,5325,3455,1870
39571,6384,4636,1748
39572,729,524,205
39573,2267,1759,508
39574,3761,3065,696
39576,2806,1865,941
39577,3892,2962,930
39581,4437,3247,1190
39601,8598,6084,2514
39629,2261,1761,500
39630,359,256,103
39631,1370,1004,366
39632,0,0,0
39633,396,281,115
39635,38,30,8
39638,1446,1005,441
39641,1563,1185,378
39643,479,405,74
39645,1991,1445,546
39647,531,407,124
39648,8279,5770,2509
39652,2975,2203,772
39653,1207,790,417
39654,2142,1600,542
39656,357,272,85
39657,952,708,244
39661,1120,883,237
39662,307,283,24
39663,1246,940,306
39664,861,676,185
39665,412,313,99
39666,3656,2732,924
39667,4494,3292,1202
39668,269,209,60
39669,2163,1536,627
39701,6848,4689,2159
39702,8111,6241,1870
39704,50,45,5
39705,5812,4049,1763
39730,4777,3528,1249
39735,2134,1465,669
39736,65,51,14
39739,888,682,206
39740,534,393,141
39741,612,485,127
39743,708,516,192
39744,2617,1858,759
39745,202,154,48
39746,1278,953,325
39747,941,728,213
39750,947,704,243
39751,307,257,50
39752,708,523,185
39755,540,385,155
39756,621,453,168
39759,14643,8411,6232
39762,0,0,0
39766,1036,728,308
39767,190,128,62
39769,872,653,219
39771,10,10,0
39772,915,731,184
39773,6594,4716,1878
39776,797,560,237
40003,739,579,160
40004,8946,6507,2439
40006,1863,1398,465
40007,122,87,35
40008,1356,1020,336
40009,500,341,159
40010,110,93,17
40011,1448,1104,344
40012,215,172,43
40013,1601,1290,311
40014,5072,4330,742
40019,1402,987,415
40020,5,2,3
40022,262,205,57
40023,655,564,91
40026,1550,1351,199
40031,5342,4245,1097
40033,4264,3040,1224
40036,110,80,30
40037,954,750,204
40040,244,167,77
40045,1196,857,339
40046,555,442,113
40047,4975,4039,936
40050,550,371,179
40051,1580,1152,428
40052,175,124,51
40055,353,279,74
40056,1150,908,242
40057,1237,928,309
40058,34,27,7
40059,3976,3248,728
40060,398,276,122
40062,165,103,62
40065,8176,5980,2196
40067,1238,997,241
40068,775,565,210
40069,2789,2026,763
40070,271,218,53
40071,3487,2804,683
40076,888,709,179
40077,222,164,58
40078,856,638,218
40104,395,289,106
40107,737,557,180
40108,3856,2912,944
40109,854,665,189
40111,741,509,232
40115,470,398,72
40117,791,631,160
40118,3592,2634,958
40119,770,532,238
40121,2771,2667,104
40140,87,57,30
40142,657,539,118
40143,2051,1426,625
40144,675,522,153
40145,268,199,69
40146,1386,1046,340
40150,1967,1480,487
40152,219,169,50
40155,507,307,200
40157,501,389,112
40160,9081,6368,2713
40162,1509,1254,255
40164,52,38,14
40165,9843,7984,1859
40170,114,91,23
40171,108,81,27
40175,3513,2689,824
40176,345,276,69
40177,636,421,215
40178,190,130,60
40202,2291,775,1516
40203,9606,4116,5490
40204,7743,3179,4564
40205,10774,6017,4757
40206,9417,4331,5086
40207,14123,8193,5930
40208,5572,2460,3112
40209,205,113,92
40210,6425,4090,2335
40211,9012,6122,2890
40212,7426,5119,2307
40213,7714,4878,2836
40214,18554,11753,6801
40215,10390,6389,4001
40216,16726,11210,5516
40217,6079,3243,2836
40218,12809,7413,5396
40219,14781,10239,4542
40220,14187,8759,5428
40222,9296,5643,3653
40223,8832,5891,2941
40228,4202,3314,888
40229,10706,8398,2308
40241,9576,6969,2607
40242,4386,2865,1521
40243,3615,2675,940
40245,5669,4690,979
40258,9584,6895,2689
40272,12871,9817,3054
40291,10694,7984,2710
40299,12189,9016,3173
40310,134,97,37
40311,2711,1939,772
40312,2169,1636,533
40313,942,593,349
40316,172,141,31
40322,1215,934,281
40324,10352,7691,2661
40328,502,395,107
40330,7702,5537,2165
40334,32,10,22
40336,5549,4017,1532
40337,1723,1351,372
40339,33,16,17
40342,7167,5472,1695
40346,441,324,117
40347,988,689,299
40348,386,267,119
40350,123,114,9
40351,7142,4784,2358
40353,7116,5058,2058
40355,31,26,5
40356,11462,8918,2544
40358,280,223,57
40359,2739,1935,804
40360,2430,1762,668
40361,6962,4951,2011
40363,88,58,30
40370,1065,829,236
40371,1050,741,309
40372,789,633,156
40374,742,525,217
40376,29,19,10
40379,1059,819,240
40380,2843,2124,719
40383,7843,5954,1889
40385,1131,887,244
40387,716,500,216
40390,2187,1652,535
40391,12949,9459,3490
40402,1109,822,287
40403,7826,5677,2149
40409,1428,1037,391
40419,1740,1292,448
40422,8758,6032,2726
40437,1601,1177,424
40440,799,606,193
40442,411,296,115
40444,4880,3676,1204
40445,470,355,115
40447,3308,2397,911
40448,27,16,11
40456,3710,2646,1064
40460,243,181,62
40461,838,689,149
40464,445,309,136
40468,611,417,194
40472,547,434,113
40475,18515,11941,6574
40481,84,61,23
40484,4405,3293,1112
40486,839,682,157
40488,85,73,12
40489,1867,1384,483
40502,12868,6817,6051
40503,11575,7297,4278
40504,10976,5708,5268
40505,11153,7179,3974
40507,1053,157,896
40508,9810,3963,5847
40509,8877,5372,3505
40510,335,241,94
40511,6526,4263,2263
40513,3166,2380,786
40514,3900,3294,606
40515,11525,7833,3692
40516,924,694,230
40517,16029,8676,7353
40601,20186,13096,7090
40701,10757,7670,3087
40729,2073,1561,512
40730,119,87,32
40734,1606,1206,400
40737,316,261,55
40740,810,628,182
40741,7674,5737,1937
40744,6391,4968,1423
40759,924,753,171
40763,239,185,54
40769,7005,4960,2045
40771,689,543,146
40801,78,55,23
40803,63,58,5
40806,1474,1103,371
40807,147,94,53
40808,95,65,30
40810,581,446,135
40813,265,177,88
40815,608,431,177
40816,22,7,15
40818,165,133,32
40819,300,197,103
40820,233,169,64
40823,1827,1298,529
40824,163,117,46
40826,455,345,110
40827,450,398,52
40828,1995,1488,507
40830,118,60,58
40831,2265,1472,793
40840,282,234,48
40843,102,68,34
40844,100,58,42
40845,270,191,79
40847,94,88,6
40849,36,18,18
40854,456,309,147
40855,444,256,188
40856,264,196,68
40858,124,75,49
40862,192,160,32
40863,230,176,54
40865,91,74,17
40867,165,121,44
40868,366,266,100
40870,204,145,59
40873,1225,905,320
40874,166,126,40
40902,446,355,91
40903,336,246,90
40906,4021,2784,1237
40913,153,98,55
40914,248,164,84
40915,365,262,103
40921,76,49,27
40923,363,268,95
40927,257,178,79
40930,37,23,14
40935,1028,804,224
40940,266,188,78
40941,91,84,7
40943,530,450,80
40946,43,24,19
40949,149,86,63
40953,255,201,54
40958,137,110,27
40962,7238,5499,1739
40965,5900,4044,1856
40972,830,598,232
40977,4241,3169,1072
40979,36,36,0
40982,279,182,97
40983,104,73,31
40988,311,202,109
40995,136,100,36
40997,134,97,37
40999,255,195,60
41001,5870,4711,1159
41002,916,666,250
41003,994,751,243
41004,1645,1197,448
41005,5599,4422,1177
41006,1720,1435,285
41007,901,744,157
41008,2865,1991,874
41010,1164,952,212
41011,12930,6540,6390
41014,3159,1825,1334
41015,8015,5495,2520
41016,2391,1533,858
41017,14851,10574,4277
41018,10243,7054,3189
41030,2084,1685,399
41031,5848,4158,1690
41033,734,575,159
41034,384,298,86
41035,3416,2632,784
41039,950,725,225
41040,2610,1936,674
41041,2795,2016,779
41042,16110,11149,4961
41043,558,415,143
41044,273,199,74
41045,412,308,104
41046,464,348,116
41048,2578,2233,345
41049,799,566,233
41051,6057,4991,1066
41052,46,38,8
41055,631,490,141
41056,5715,3882,1833
41059,904,670,234
41063,1340,1046,294
41064,846,602,244
41071,9253,5445,3808
41073,2658,1615,1043
41074,2099,1441,658
41075,7100,4574,2526
41076,5619,3764,1855
41080,544,437,107
41083,393,286,107
41085,287,211,76
41086,850,726,124
41091,3748,3210,538
41092,731,572,159
41093,845,663,182
41094,2326,1850,476
41095,1626,1139,487
41097,2333,1681,652
41098,666,493,173
41101,8418,5502,2916
41102,8193,6154,2039
41121,545,416,129
41124,451,349,102
41129,3886,2978,908
41132,118,82,36
41135,134,98,36
41137,114,95,19
41139,3636,2745,891
41141,1050,819,231
41142,38,33,5
41143,5244,3983,1261
41144,4021,3007,1014
41146,226,164,62
41149,231,166,65
41159,228,197,31
41164,5025,3756,1269
41166,263,220,43
41168,1010,778,232
41169,1874,1448,426
41170,72,43,29
41171,1508,1050,458
41174,309,234,75
41175,2338,1812,526
41179,3123,2342,781
41180,437,329,108
41183,694,536,158
41189,869,635,234
41201,66,45,21
41203,234,154,80
41204,321,258,63
41214,248,189,59
41216,440,355,85
41219,748,603,145
41222,718,544,174
41224,1978,1495,483
41226,112,86,26
41228,273,207,66
41230,4350,3267,1083
41231,736,587,149
41232,195,164,31
41234,37,31,6
41238,345,293,52
41240,2827,2000,827
41250,337,273,64
41254,250,198,52
41255,362,250,112
41256,959,728,231
41257,80,56,24
41260,342,255,87
41262,553,429,124
41263,153,121,32
41264,250,194,56
41265,792,635,157
41267,531,390,141
41268,164,125,39
41274,271,202,69
41301,2298,1590,708
41310,19,19,0
41311,2704,1952,752
41314,1806,1314,492
41317,189,138,51
41332,948,763,185
41339,4802,3505,1297
41344,150,115,35
41348,588,423,165
41360,190,152,38
41364,153,109,44
41365,242,187,55
41367,101,75,26
41377,45,45,0
41385,162,129,33
41386,18,18,0
41390,31,31,0
41397,105,61,44
41408,70,49,21
41421,48,48,0
41425,555,420,135
41426,33,28,5
41464,31,31,0
41465,4798,3671,1127
41472,3571,2649,922
41501,9891,7014,2877
41503,307,205,102
41512,431,315,116
41513,315,265,50
41514,1422,1104,318
41519,164,119,45
41522,2518,1873,645
41524,105,74,31
41527,349,266,83
41528,338,259,79
41531,643,441,202
41534,54,39,15
41535,270,221,49
41537,1939,1423,516
41538,99,71,28
41539,871,639,232
41540,101,79,22
41543,197,129,68
41544,227,187,40
41546,159,129,30
41547,98,83,15
41548,544,460,84
41549,19,13,6
41553,1383,993,390
41554,504,362,142
41555,82,60,22
41557,538,429,109
41558,431,368,63
41559,264,187,77
41560,80,50,30
41562,1097,838,259
41563,211,182,29
41564,588,443,145
41566,252,206,46
41567,280,190,90
41568,291,228,63
41569,31,13,18
41571,216,180,36
41572,1596,1206,390
41601,338,240,98
41602,310,211,99
41603,117,84,33
41604,120,95,25
41605,305,216,89
41606,282,242,40
41607,182,111,71
41612,69,66,3
41615,436,361,75
41616,177,125,52
41619,205,176,29
41621,90,84,6
41622,41,23,18
41630,735,537,198
41631,411,359,52
41632,182,157,25
41635,1447,1026,421
41636,589,436,153
41640,586,445,141
41642,278,171,107
41645,847,621,226
41647,524,372,152
41649,1136,825,311
41650,334,201,133
41651,120,108,12
41653,5147,3737,1410
41655,542,368,174
41659,135,110,25
41660,386,300,86
41663,258,208,50
41666,318,232,86
41667,239,187,52
41669,291,197,94
41701,6745,4948,1797
41712,79,30,49
41714,154,138,16
41719,381,276,105
41721,206,167,39
41722,849,613,236
41723,662,500,162
41725,10,5,5
41727,169,149,20
41729,45,6,39
41730,86,70,16
41731,340,259,81
41735,108,98,10
41736,121,108,13
41739,50,33,17
41740,256,193,63
41745,119,92,27
41746,184,161,23
41749,1313,940,373
41751,85,62,23
41754,101,93,8
41759,240,196,44
41760,53,19,34
41762,76,54,22
41763,239,207,32
41764,286,210,76
41766,80,67,13
41772,165,96,69
41773,783,599,184
41774,1261,1008,253
41775,66,52,14
41776,702,537,165
41777,397,296,101
41778,75,60,15
41804,237,182,55
41810,283,212,71
41812,102,71,31
41815,222,196,26
41817,88,64,24
41819,163,155,8
41821,432,326,106
41822,983,717,266
41824,441,331,110
41825,208,168,40
41826,431,315,116
41828,340,294,46
41831,461,315,146
41832,158,119,39
41833,94,76,18
41834,244,172,72
41835,378,267,111
41836,182,137,45
41837,554,430,124
41838,311,245,66
41839,379,236,143
41840,590,433,157
41843,500,383,117
41844,321,231,90
41845,172,108,64
41847,263,183,80
41849,35,26,9
41855,23,23,0
41858,3358,2430,928
41859,186,149,37
41861,210,153,57
41862,378,315,63
42001,12217,7888,4329
42003,12571,8315,4256
42020,689,545,144
42021,767,504,263
42022,73,57,16
42023,1044,761,283
42024,661,453,208
42025,7640,5575,2065
42027,1059,832,227
42028,278,170,108
42029,2491,1787,704
42031,1487,1057,430
42032,131,88,43
42035,347,264,83
42036,487,346,141
42038,1731,1195,536
42039,665,448,217
42040,415,297,118
42041,2212,1465,747
42044,1333,1011,322
42045,864,672,192
42047,121,75,46
42048,848,581,267
42049,755,550,205
42050,1440,973,467
42051,1115,893,222
42053,1909,1448,461
42054,372,331,41
42055,1038,760,278
42056,760,514,246
42058,897,663,234
42060,69,43,26
42061,20,12,8
42064,3518,2469,1049
42066,9287,6469,2818
42069,316,242,74
42071,10996,6472,4524
42076,405,323,82
42078,748,580,168
42079,580,431,149
42081,972,664,308
42082,762,523,239
42083,166,119,47
42084,29,19,10
42085,453,350,103
42086,1389,1069,320
42087,1042,762,280
42088,1067,809,258
42101,18202,11545,6657
42103,6283,4277,2006
42104,8180,5735,2445
42120,827,641,186
42122,1149,963,186
42123,370,302,68
42127,2214,1639,575
42129,2874,2073,801
42131,17,9,8
42133,610,447,163
42134,6310,4526,1784
42140,541,419,122
42141,11141,7943,3198
42151,81,65,16
42153,150,110,40
42154,171,134,37
42157,143,99,44
42159,337,298,39
42160,772,517,255
42164,5640,4179,1461
42166,1092,787,305
42167,3539,2542,997
42170,429,310,119
42171,2361,1840,521
42202,955,716,239
42204,215,141,74
42206,1799,1394,405
42207,517,412,105
42210,1838,1290,548
42211,4909,3544,1365
42214,118,89,29
42215,486,358,128
42217,1353,1075,278
42220,2408,1810,598
42223,3894,3832,62
42232,318,218,100
42234,959,706,253
42236,306,238,68
42240,15932,11067,4865
42254,85,59,26
42256,2014,1485,529
42259,505,367,138
42261,4071,2933,1138
42262,2825,2052,773
42265,455,384,71
42266,867,639,228
42273,235,165,70
42274,601,501,100
42275,366,268,98
42276,5848,4117,1731
42280,167,132,35
42285,82,54,28
42286,457,328,129
42287,91,78,13
42301,16444,11038,5406
42303,14276,9668,4608
42320,3064,2303,761
42321,208,147,61
42323,305,265,40
42324,469,348,121
42325,768,597,171
42326,139,92,47
42327,1395,1023,372
42328,559,444,115
42330,4010,2864,1146
42332,114,76,38
42333,330,234,96
42337,862,627,235
42338,61,54,7
42339,372,304,68
42343,760,506,254
42344,412,336,76
42345,4404,3198,1206
42347,2255,1650,605
42348,1716,1322,394
42349,621,455,166
42350,677,471,206
42351,1379,1054,325
42352,866,617,249
42354,132,103,29
42355,738,541,197
42361,163,140,23
42365,28,13,15
42366,2050,1663,387
42368,441,365,76
42369,127,99,28
42370,14,7,7
42371,165,118,47
42372,773,603,170
42374,77,54,23
42376,2240,1780,460
42378,1202,970,232
42403,13,4,9
42404,1112,848,264
42406,1013,783,230
42408,2901,2141,760
42409,1060,792,268
42410,687,467,220
42411,713,549,164
42413,1176,962,214
42420,15232,10390,4842
42431,10996,7482,3514
42436,114,104,10
42437,2886,2078,808
42440,434,322,112
42441,723,563,160
42442,1393,1062,331
42444,21,9,12
42445,4726,3314,1412
42450,1784,1278,506
42451,347,259,88
42452,832,692,140
42453,51,37,14
42455,1264,916,348
42456,495,403,92
42457,75,58,17
42458,365,286,79
42459,1875,1285,590
42461,724,545,179
42462,470,350,120
42463,65,44,21
42464,735,564,171
42501,7041,4703,2338
42503,7400,5517,1883
42516,160,121,39
42518,1204,869,335
42519,1337,969,368
42528,566,450,116
42533,181,127,54
42539,4009,2765,1244
42541,252,208,44
42544,2368,1820,548
42553,1583,1231,352
42565,281,185,96
42566,217,159,58
42567,2136,1596,540
42602,3957,2681,1276
42603,355,282,73
42629,2033,1392,641
42631,116,107,9
42632,12,6,6
42633,7340,5412,1928
42634,582,405,177
42635,1459,1014,445
42638,117,68,49
42642,4927,3442,1485
42647,1554,1221,333
42649,720,569,151
42653,1861,1295,566
42701,15214,10901,4313
42711,100,55,45
42712,680,501,179
42713,666,469,197
42715,189,122,67
42716,598,438,160
42717,2760,1929,831
42718,9217,6586,2631
42721,1458,1065,393
42722,265,191,74
42724,1433,1160,273
42726,1916,1379,537
42728,5592,3877,1715
42729,573,416,157
42731,87,64,23
42732,676,563,113
42733,645,442,203
42740,678,558,120
42741,162,144,18
42742,61,53,8
42743,3890,2768,1122
42746,728,546,182
42748,3263,2386,877
42749,2181,1515,666
42753,68,61,7
42754,5901,4267,1634
42757,1282,949,333
42759,22,22,0
42761,130,102,28
42762,84,52,32
42765,1907,1320,587
42776,779,626,153
42782,439,358,81
42784,1076,791,285
42788,83,73,10
43001,637,512,125
43002,593,387,206
43003,915,669,246
43004,3549,2442,1107
43005,46,42,4
43006,216,187,29
43008,793,519,274
43009,643,538,105
43010,35,33,2
43011,2121,1671,450
43013,352,292,60
43014,1181,862,319
43015,13632,9794,3838
43016,7604,4732,2872
43017,12756,9340,3416
43018,83,63,20
43019,3157,2410,747
43021,2038,1718,320
43022,646,475,171
43023,3458,2733,725
43025,2342,1712,630
43026,17753,12802,4951
43028,2106,1668,438
43029,135,106,29
43031,3786,2955,831
43032,22,10,12
43033,103,84,19
43035,4256,3167,1089
43036,50,33,17
43037,167,125,42
43040,8709,6426,2283
43044,2043,1530,513
43045,584,453,131
43046,1418,1002,416
43050,10707,7231,3476
43054,2965,2399,566
43055,23726,15747,7979
43056,5804,4250,1554
43060,967,752,215
43061,1114,902,212
43062,7057,5643,1414
43064,3739,2836,903
43065,8546,6810,1736
43066,414,337,77
43067,485,418,67
43068,18387,12399,5988
43070,32,25,7
43071,805,648,157
43072,2107,1623,484
43074,3316,2684,632
43076,3024,2294,730
43077,99,71,28
43078,8344,5802,2542
43080,1887,1414,473
43081,19777,13702,6075
43082,5886,5093,793
43084,282,195,87
43085,9709,6539,3170
43101,131,101,30
43102,1362,1142,220
43103,3509,2708,801
43105,2848,2236,612
43106,580,453,127
43107,1007,766,241
43109,26,18,8
43110,6986,5210,1776
43111,63,48,15
43112,1295,1086,209
43113,8831,6383,2448
43115,466,326,140
43116,139,112,27
43119,7852,6043,1809
43123,17092,13012,4080
43125,3912,2671,1241
43126,99,75,24
43127,18,12,6
43128,938,669,269
43130,21729,15326,6403
43135,1664,1259,405
43136,89,67,22
43137,885,659,226
43138,6964,4911,2053
43140,6968,5102,1866
43142,43,37,6
43143,2158,1630,528
43144,190,128,62
43145,781,622,159
43146,2658,2238,420
43147,9383,7915,1468
43148,694,537,157
43149,978,720,258
43150,652,506,146
43151,111,90,21
43152,428,359,69
43153,359,295,64
43154,859,714,145
43155,845,664,181
43156,105,67,38
43157,132,100,32
43158,53,47,6
43160,8628,6034,2594
43162,2585,1967,618
43164,813,662,151
43201,15033,3576,11457
43202,10034,3536,6498
43203,4565,2132,2433
43204,16632,9880,6752
43205,6136,3159,2977
43206,10468,5599,4869
43207,17029,11738,5291
43209,11967,7325,4642
43210,441,354,87
43211,9191,6373,2818
43212,9556,3688,5868
43213,13726,7841,5885
43214,12391,6163,6228
43215,5712,930,4782
43217,844,623,221
43219,7940,5249,2691
43220,11653,6088,5565
43221,12330,8165,4165
43222,2230,1266,964
43223,9737,6541,3196
43224,17393,10377,7016
43227,9966,6126,3840
43228,19458,12082,7376
43229,20400,11255,9145
43230,19205,13083,6122
43231,7107,4251,2856
43232,16887,10061,6826
43235,16409,9577,6832
43240,674,243,431
43302,20113,13921,6192
43310,1222,910,312
43311,7374,5137,2237
43314,1251,988,263
43315,2360,1824,536
43316,2478,1813,665
43317,33,25,8
43318,1167,925,242
43319,369,269,100
43320,498,378,120
43321,140,93,47
43322,141,112,29
43323,298,244,54
43324,1031,723,308
43326,5549,3791,1758
43331,2393,1611,782
43332,832,616,216
43333,309,183,126
43334,1954,1637,317
43336,22,8,14
43337,385,309,76
43338,3592,2696,896
43340,571,458,113
43341,337,268,69
43342,1229,996,233
43343,591,464,127
43344,2026,1580,446
43345,328,271,57
43347,481,384,97
43348,1086,696,390
43350,21,15,6
43351,4095,2790,1305
43356,415,298,117
43357,1591,1221,370
43358,934,720,214
43359,301,260,41
43360,516,381,135
43402,12434,6291,6143
43406,800,565,235
43407,222,189,33
43408,108,93,15
43410,3782,2815,967
43412,1575,1277,298
43413,565,422,143
43416,1152,890,262
43420,12560,8683,3877
43430,1886,1389,497
43431,1679,1227,452
43432,456,395,61
43435,558,459,99
43437,73,54,19
43438,176,105,71
43439,30,15,15
43440,1920,1260,660
43442,412,321,91
43443,582,443,139
43445,373,298,75
43447,1313,1020,293
43449,3206,2383,823
43450,1350,991,359
43451,429,333,96
43452,6058,4088,1970
43456,343,206,137
43457,593,474,119
43458,125,91,34
43460,2678,1728,950
43462,429,312,117
43464,554,419,135
43465,2181,1451,730
43466,717,587,130
43467,7,5,2
43468,91,65,26
43469,1121,828,293
43501,315,248,67
43502,2668,1948,720
43504,362,266,96
43506,6186,4219,1967
43511,320,248,72
43512,11450,8218,3232
43515,3047,2362,685
43516,1149,863,286
43517,1389,1039,350
43518,1042,790,252
43521,1104,779,325
43522,1312,953,359
43524,506,403,103
43525,219,165,54
43526,2291,1627,664
43527,916,684,232
43528,5291,3870,1421
43529,101,83,18
43531,62,26,36
43532,1432,1069,363
43533,552,428,124
43534,634,500,134
43535,302,235,67
43536,138,101,37
43537,9934,6732,3202
43540,435,356,79
43541,69,45,24
43542,882,728,154
43543,3190,2307,883
43545,5656,4043,1613
43547,55,33,22
43548,274,210,64
43549,519,427,92
43551,12716,9185,3531
43553,45,43,2
43554,1038,765,273
43555,82,61,21
43556,672,515,157
43557,1011,770,241
43558,4919,3948,971
43560,10389,7789,2600
43565,122,95,27
43566,2408,1891,517
43567,4737,3518,1219
43569,1063,774,289
43570,1311,965,346
43571,1886,1506,380
43602,1472,938,534
43604,2573,1036,1537
43605,11887,7685,4202
43606,11102,6139,4963
43607,10958,6332,4626
43608,6921,4688,2233
43609,10471,6535,3936
43610,2408,1600,808
43611,8500,5908,2592
43612,13165,8183,4982
43613,14308,8980,5328
43614,13669,7992,5677
43615,17457,10436,7021
43616,6713,4650,2063
43617,2792,2210,582
43618,1089,829,260
43619,2824,2141,683
43620,2809,1393,1416
43623,9000,5689,3311
43624,997,269,728
43701,22181,14964,7217
43713,2937,2035,902
43716,833,606,227
43717,63,50,13
43718,1266,973,293
43719,1089,811,278
43720,418,338,80
43721,76,36,40
43722,146,113,33
43723,2128,1464,664
43724,2573,1780,793
43725,8645,5774,2871
43727,439,334,105
43728,514,421,93
43730,879,646,233
43731,2243,1613,630
43732,673,526,147
43734,465,330,135
43735,139,128,11
43738,75,40,35
43739,689,571,118
43740,73,55,18
43746,507,360,147
43747,409,301,108
43748,1008,790,218
43749,931,690,241
43754,540,409,131
43755,714,532,182
43756,2236,1541,695
43758,1182,933,249
43760,582,513,69
43762,1591,1149,442
43764,2993,2232,761
43766,595,420,175
43767,493,440,53
43768,85,61,24
43771,735,563,172
43772,760,565,195
43773,1040,833,207
43777,1729,1328,401
43778,392,332,60
43779,347,250,97
43780,878,651,227
43782,262,194,68
43783,1580,1128,452
43787,1199,816,383
43788,344,279,65
43791,5,5,0
43793,2128,1547,581
43802,345,260,85
43804,900,753,147
43811,330,251,79
43812,8263,5553,2710
43821,1537,1162,375
43822,1503,1191,312
43824,1073,851,222
43830,1932,1558,374
43832,3034,2192,842
43837,699,549,150
43840,331,241,90
43842,122,87,35
43843,345,268,77
43844,1407,1071,336
43845,1897,1382,515
43901,950,688,262
43902,60,40,20
43903,973,750,223
43905,78,45,33
43906,4050,2800,1250
43907,2350,1596,754
43908,610,429,181
43909,36,18,18
43910,1452,1140,312
43912,3003,1877,1126
43913,738,496,242
43914,35,26,9
43915,813,575,238
43917,1282,995,287
43920,10291,7154,3137
43925,27,22,5
43926,127,85,42
43927,14,14,0
43928,33,14,19
43930,286,219,67
43932,395,304,91
43933,741,562,179
43934,201,131,70
43935,4064,2665,1399
43938,2721,1944,777
43939,143,119,24
43940,156,87,69
43942,1100,776,324
43943,1712,1265,447
43944,1049,814,235
43945,1282,901,381
43946,850,631,219
43947,2316,1509,807
43948,227,153,74
43950,5255,3630,1625
43951,92,43,49
43952,8614,5220,3394
43953,4592,3130,1462
43961,142,68,74
43962,18,12,6
43963,597,372,225
43964,4297,3066,1231
43967,13,8,5
43968,3272,2288,984
43971,569,346,223
43972,38,38,0
43973,801,577,224
43974,49,22,27
43976,544,398,146
43977,981,716,265
43981,151,98,53
43983,126,71,55
43986,813,613,200
43988,1106,757,349
44001,7711,5934,1777
44003,1708,1243,465
44004,14567,9850,4717
44010,686,498,188
44011,4080,3138,942
44012,6807,5244,1563
44017,7195,4486,2709
44021,2392,1812,580
44022,6856,5156,1700
44023,4810,3965,845
44024,8263,6272,1991
44026,4440,3628,812
44028,2930,2413,517
44030,6370,4546,1824
44032,464,419,45
44035,26271,17803,8468
44039,8258,6352,1906
44040,1071,872,199
44041,5994,4079,1915
44044,4057,3421,636
44046,642,528,114
44047,3448,2587,861
44048,843,616,227
44049,27,23,4
44050,2023,1698,325
44052,12774,8564,4210
44053,7226,4747,2479
44054,4418,3323,1095
44055,8098,5900,2198
44056,3264,2665,599
44057,7017,5253,1764
44060,24126,17940,6186
44062,3830,3050,780
44064,552,450,102
44065,1414,1103,311
44067,7183,5009,2174
44070,13601,9474,4127
44072,1538,1240,298
44074,4027,2492,1535
44076,1582,1181,401
44077,19249,13638,5611
44080,47,19,28
44081,2277,1863,414
44082,490,379,111
44084,1268,1031,237
44085,1058,823,235
44086,817,610,207
44087,7059,5038,2021
44089,6258,4681,1577
44090,4009,3095,914
44092,7615,4915,2700
44093,607,432,175
44094,14936,9307,5629
44095,14479,9856,4623
44099,469,365,104
44102,20515,11615,8900
44103,9724,5779,3945
44104,10848,7038,3810
44105,20743,13871,6872
44106,13522,5684,7838
44107,26767,12533,14234
44108,13534,9171,4363
44109,18187,10910,7277
44110,11214,6318,4896
44111,17986,10689,7297
44112,13224,8043,5181
44113,7404,3316,4088
44114,1969,577,1392
44115,3063,1652,1411
44116,9835,5522,4313
44117,5871,2882,2989
44118,17684,11155,6529
44119,6264,3321,2943
44120,20048,11990,8058
44121,14527,9538,4989
44122,14621,9510,5111
44123,8389,4801,3588
44124,18539,11192,7347
44125,12112,8076,4036
44126,7727,4669,3058
44127,3038,1895,1143
44128,13370,8796,4574
44129,12206,7973,4233
44130,23346,14748,8598
44131,8129,6205,1924
44132,6860,4011,2849
44133,11274,7740,3534
44134,16596,11092,5504
44135,11904,7240,4664
44136,16207,12428,3779
44137,10477,7010,3467
44138,7322,4915,2407
44139,7760,6310,1450
44140,6183,4645,1538
44141,5118,3847,1271
44142,8156,5964,2192
44143,9694,6629,3065
44144,10015,5886,4129
44145,12916,8348,4568
44146,14068,8348,5720
44147,6407,4378,2029
44201,2435,1952,483
44202,6395,4961,1434
44203,16885,11642,5243
44212,13645,10671,2974
44214,751,631,120
44215,740,482,258
44216,3297,2671,626
44217,1495,1138,357
44221,13713,8239,5474
44223,7676,4988,2688
44224,13862,9779,4083
44230,2998,2217,781
44231,3034,2263,771
44233,2348,1968,380
44234,1262,972,290
44235,529,458,71
44236,8030,6871,1159
44240,14610,8302,6308
44241,5196,3641,1555
44243,0,0,0
44250,368,306,62
44251,128,115,13
44253,1111,950,161
44254,2059,1400,659
44255,3083,2251,832
44256,18585,14421,4164
44260,5319,4181,1138
44262,2038,1594,444
44264,972,677,295
44266,13200,9233,3967
44270,3207,2373,834
44272,1508,1215,293
44273,2505,2048,457
44275,979,806,173
44276,653,553,100
44278,6645,4896,1749
44280,1387,1208,179
44281,10097,7511,2586
44286,1847,1481,366
44287,2521,2011,510
44288,1533,1227,306
44301,6887,4453,2434
44302,2923,1377,1546
44303,3724,1811,1913
44304,2401,808,1593
44305,9841,6477,3364
44306,10127,6608,3519
44307,4071,2264,1807
44308,606,55,551
44310,10201,6006,4195
44311,3461,1901,1560
44312,13303,8729,4574
44313,11426,6480,4946
44314,8354,5444,2910
44319,9078,6278,2800
44320,9320,6146,3174
44321,3976,2973,1003
44322,126,86,40
44333,7215,5245,1970
44401,1211,967,244
44402,1202,968,234
44403,1663,1179,484
44404,636,530,106
44405,3739,2645,1094
44406,7652,5754,1898
44408,3930,2755,1175
44410,7015,5081,1934
44411,955,780,175
44412,967,806,161
44413,3147,2264,883
44417,631,549,82
44418,496,389,107
44420,6897,4657,2240
44423,904,691,213
44425,6355,4533,1822
44427,566,452,114
44428,1295,958,337
44429,1075,782,293
44430,1622,1283,339
44431,1755,1356,399
44432,4414,3216,1198
44436,1653,1178,475
44437,1733,1327,406
44438,2344,1578,766
44440,1578,1088,490
44441,568,387,181
44442,1403,1086,317
44443,847,629,218
44444,4327,3049,1278
44445,1258,995,263
44446,9716,6219,3497
44449,489,346,143
44450,688,510,178
44451,1131,871,260
44452,932,768,164
44454,418,317,101
44455,636,502,134
44460,10642,7612,3030
44470,1318,1054,264
44471,4782,3304,1478
44473,1712,1262,450
44481,4620,3270,1350
44483,11857,7594,4263
44484,9625,6838,2787
44485,7890,5271,2619
44490,304,230,74
44491,1036,839,197
44502,4789,2994,1795
44503,401,0,401
44504,2263,1197,1066
44505,8126,5196,2930
44506,1403,964,439
44507,3324,2116,1208
44509,5693,3647,2046
44510,1278,795,483
44511,9722,6550,3172
44512,15353,9689,5664
44514,8904,6502,2402
44515,12023,8012,4011
44601,14027,9580,4447
44606,2108,1755,353
44608,1009,757,252
44609,1536,1177,359
44610,91,58,33
44611,660,547,113
44612,1964,1520,444
44613,867,650,217
44614,4144,3297,847
44615,4259,3099,1160
44618,2156,1785,371
44619,11,5,6
44620,572,424,148
44621,1912,1462,450
44622,7081,4946,2135
44624,1264,1091,173
44625,609,516,93
44626,1207,920,287
44627,1333,1206,127
44628,494,344,150
44629,831,627,204
44632,3411,2743,668
44633,690,611,79
44634,725,583,142
44637,975,694,281
44638,536,378,158
44640,34,30,4
44641,7251,5541,1710
44643,1219,936,283
44644,1996,1488,508
44645,873,695,178
44646,17846,12615,5231
44647,6915,4967,1948
44651,325,236,89
44653,114,86,28
44654,5273,4255,1018
44656,1140,852,288
44657,4007,2926,1081
44659,33,21,12
44661,62,44,18
44662,3636,2635,1001
44663,10583,7143,3440
44666,1010,785,225
44667,5082,3793,1289
44669,537,428,109
44670,62,45,17
44671,151,109,42
44672,2288,1367,921
44675,732,523,209
44676,1770,1371,399
44677,964,756,208
44678,82,68,14
44680,1447,1043,404
44681,2294,1876,418
44682,262,187,75
44683,3464,2438,1026
44685,8651,6900,1751
44688,1325,984,341
44689,248,210,38
44690,30,20,10
44691,16437,11103,5334
44693,44,30,14
44695,651,484,167
44697,84,62,22
44699,362,257,105
44702,463,76,387
44703,4453,2530,1923
44704,1859,1205,654
44705,7946,5548,2398
44706,7365,5237,2128
44707,4306,2825,1481
44708,11211,7124,4087
44709,7988,4650,3338
44710,4201,2603,1598
44714,3924,2358,1566
44718,5177,3440,1737
44720,15244,10625,4619
44721,4303,3498,805
44730,2424,1878,546
44802,332,271,61
44804,424,313,111
44805,12414,8681,3733
44807,938,720,218
44809,115,83,32
44811,5101,3647,1454
44813,2702,2066,636
44814,1004,786,218
44815,312,240,72
44816,41,33,8
44817,534,427,107
44818,987,777,210
44820,7741,5301,2440
44822,1034,854,180
44824,1523,1209,314
44825,80,58,22
44826,679,529,150
44827,2902,2041,861
44828,35,35,0
44830,7984,5484,2500
44833,7425,5209,2216
44836,975,729,246
44837,1582,1196,386
44838,65,41,24
44839,4910,3475,1435
44840,1000,770,230
44841,315,252,63
44842,2186,1541,645
44843,883,721,162
44844,268,235,33
44846,1229,999,230
44847,1265,1017,248
44849,897,669,228
44850,31,21,10
44851,1909,1443,466
44853,489,387,102
44854,732,560,172
44855,392,325,67
44856,60,52,8
44857,8793,6150,2643
44859,626,525,101
44860,22,22,0
44861,57,53,4
44864,1216,931,285
44865,1298,1038,260
44866,665,499,166
44867,787,629,158
44870,17865,11456,6409
44874,70,44,26
44875,5807,4054,1753
44878,994,855,139
44880,728,585,143
44882,1144,823,321
44883,11522,7803,3719
44887,426,326,100
44889,2289,1844,445
44890,4450,3299,1151
44902,2614,1545,1069
44903,10120,7345,2775
44904,5318,3999,1319
44905,5204,3534,1670
44906,7540,5022,2518
44907,7010,4156,2854
45001,327,237,90
45002,4106,3233,873
45003,272,178,94
45005,10932,8164,2768
45011,19314,14580,4734
45013,19204,14097,5107
45014,17451,11800,5651
45015,5187,3462,1725
45030,5890,4387,1503
45032,96,70,26
45033,56,51,5
45034,284,221,63
45036,9563,7310,2253
45039,5772,4388,1384
45040,11806,9246,2560
45041,93,68,25
45042,10911,7850,3061
45044,17290,12059,5231
45050,2112,1570,542
45052,1381,1109,272
45053,978,845,133
45054,620,455,165
45056,7966,3933,4033
45062,158,113,45
45064,928,790,138
45065,1114,825,289
45066,5710,4921,789
45067,3815,3043,772
45068,3277,2599,678
45069,14959,12260,2699
45070,69,56,13
45101,1026,672,354
45102,7164,5453,1711
45103,9509,7066,2443
45106,4146,3298,848
45107,3055,2279,776
45111,183,106,77
45112,32,18,14
45113,968,786,182
45114,16,16,0
45115,14,0,14
45118,1397,1068,329
45120,1254,951,303
45121,3150,2254,896
45122,3987,3216,771
45123,2830,1975,855
45130,1347,1088,259
45131,118,83,35
45132,103,80,23
45133,9035,6623,2412
45135,1358,1036,322
45140,15416,12397,3019
45142,1501,1162,339
45144,1747,1216,531
45146,510,402,108
45148,490,412,78
45150,11103,7770,3333
45152,2961,2305,656
45153,740,581,159
45154,2869,2207,662
45155,81,68,13
45156,30,25,5
45157,3211,2548,663
45159,1046,762,284
45160,351,177,174
45162,876,747,129
45164,99,69,30
45167,1478,1058,420
45168,582,424,158
45169,1956,1444,512
45171,2083,1659,424
45172,62,52,10
45174,775,648,127
45176,2898,2263,635
45177,8203,5675,2528
45202,3258,638,2620
45203,1236,550,686
45204,3032,1602,1430
45205,8932,5368,3564
45206,6398,2442,3956
45207,2872,1809,1063
45208,8760,3834,4926
45209,5967,2118,3849
45210,4364,1610,2754
45211,16775,9560,7215
45212,10746,5796,4950
45213,6081,3583,2498
45214,4921,2448,2473
45215,13184,8206,4978
45216,4198,2474,1724
45217,2630,1545,1085
45218,1723,1186,537
45219,7236,2285,4951
45220,7283,2462,4821
45223,5564,3186,2378
45224,9688,5885,3803
45225,5215,3121,2094
45226,3268,1777,1491
45227,8159,4836,3323
45229,7885,4026,3859
45230,11983,7648,4335
45231,16201,11675,4526
45232,2897,1835,1062
45233,5364,4187,1177
45236,11487,6759,4728
45237,10524,6000,4524
45238,19238,12388,6850
45239,11983,7742,4241
45240,10545,7875,2670
45241,9898,6784,3114
45242,8579,6363,2216
45243,5930,4571,1359
45244,9416,7543,1873
45245,6569,4508,2061
45246,6013,3704,2309
45247,7723,5897,1826
45248,8659,6417,2242
45249,5177,3772,1405
45251,8622,6549,2073
45252,1886,1383,503
45255,8981,6317,2664
45301,52,46,6
45302,1286,1040,246
45303,810,639,171
45304,2840,2240,600
45305,3508,2778,730
45306,825,632,193
45307,117,90,27
45308,1762,1378,384
45309,4793,3497,1296
45310,40,32,8
45311,2741,2115,626
45312,527,447,80
45314,1191,866,325
45315,1259,937,322
45316,73,53,20
45317,443,357,86
45318,2043,1604,439
45320,5769,4286,1483
45321,373,289,84
45322,8029,5880,2149
45323,2199,1583,616
45324,15998,9391,6607
45325,921,774,147
45326,407,343,64
45327,3136,2438,698
45328,144,117,27
45330,119,81,38
45331,9432,6517,2915
45332,239,185,54
45333,530,412,118
45334,800,608,192
45335,2428,1940,488
45336,34,26,8
45337,779,614,165
45338,2016,1550,466
45339,510,406,104
45340,265,237,28
45341,1730,1198,532
45342,12989,8803,4186
45344,6714,5146,1568
45345,2492,1924,568
45346,936,714,222
45347,1683,1237,446
45348,371,314,57
45349,3,3,0
45351,32,19,13
45352,8,4,4
45353,26,26,0
45354,117,95,22
45356,10075,7116,2959
45358,0,0,0
45359,706,585,121
45360,83,69,14
45362,446,329,117
45363,494,412,82
45365,11490,8252,3238
45368,1901,1461,440
45369,1160,913,247
45370,954,704,250
45371,6696,5065,1631
45373,12575,8832,3743
45377,6304,4147,2157
45378,140,104,36
45380,1926,1402,524
45381,2211,1750,461
45382,424,352,72
45383,2878,2139,739
45384,51,51,0
45385,13307,9768,3539
45387,2230,1467,763
45388,302,267,35
45389,196,141,55
45390,1380,997,383
45402,1413,225,1188
45403,6873,4037,2836
45404,5165,3397,1768
45405,10380,5452,4928
45406,11284,6822,4462
45407,4344,2575,1769
45408,4418,2827,1591
45409,3475,1731,1744
45410,7751,4099,3652
45414,8988,6282,2706
45415,5306,3504,1802
45416,2339,1738,601
45417,4715,2833,1882
45418,2143,1552,591
45419,6680,3946,2734
45420,12421,6834,5587
45424,18265,13624,4641
45426,7145,4533,2612
45427,4266,2956,1310
45429,12204,7582,4622
45430,2558,2054,504
45431,8831,6191,2640
45432,6676,4552,2124
45433,776,776,0
45434,3537,2961,576
45439,4597,2915,1682
45440,8223,5540,2683
45449,8231,5154,3077
45458,10363,7099,3264
45459,11955,7994,3961
45502,6347,4935,1412
45503,13787,9045,4742
45504,7389,4967,2422
45505,9208,5919,3289
45506,5975,4110,1865
45601,20354,14145,6209
45612,1828,1444,384
45613,1224,944,280
45614,1631,1145,486
45616,495,401,94
45619,3198,2325,873
45620,450,359,91
45621,71,54,17
45622,145,110,35
45623,1434,1134,300
45624,41,26,15
45628,1816,1329,487
45629,1228,963,265
45631,6500,4338,2162
45634,741,573,168
45638,9040,6191,2849
45640,5909,4359,1550
45642,22,11,11
45644,1529,1144,385
45645,1018,815,203
45646,130,106,24
45647,712,554,158
45648,4440,3379,1061
45650,242,135,107
45651,2324,1653,671
45652,1359,1067,292
45653,1554,1246,308
45654,393,297,96
45656,2604,1822,782
45657,938,711,227
45658,796,618,178
45659,1166,925,241
45660,2809,2125,684
45661,2530,1880,650
45662,13313,8141,5172
45663,2758,2069,689
45669,4040,3044,996
45671,120,81,39
45672,603,444,159
45673,167,115,52
45674,187,123,64
45678,424,299,125
45679,1011,709,302
45680,5101,3725,1376
45681,524,393,131
45682,929,700,229
45684,678,487,191
45685,313,266,47
45686,1332,1046,286
45688,189,138,51
45690,5574,3950,1624
45692,3638,2659,979
45693,3233,2263,970
45694,4360,3240,1120
45695,300,199,101
45696,514,416,98
45697,1697,1379,318
45698,112,77,35
45701,10283,4618,5665
45710,1983,1424,559
45711,498,299,199
45712,91,54,37
45713,47,38,9
45714,4418,3010,1408
45715,982,683,299
45716,138,101,37
45719,442,285,157
45723,1365,1021,344
45724,544,422,122
45727,191,134,57
45729,538,415,123
45732,2016,1406,610
45734,279,219,60
45735,621,457,164
45740,185,116,69
45741,336,250,86
45742,1145,935,210
45743,645,484,161
45744,1202,868,334
45745,414,320,94
45746,181,131,50
45750,11309,7542,3767
45760,1620,1038,582
45761,674,466,208
45764,3532,2126,1406
45766,559,414,145
45767,1176,838,338
45768,760,604,156
45769,2639,1879,760
45770,197,130,67
45771,1426,1057,369
45772,816,608,208
45773,69,69,0
45775,471,371,100
45776,332,201,131
45778,349,284,65
45779,304,231,73
45780,1369,834,535
45782,107,74,33
45784,1139,883,256
45786,1091,883,208
45788,386,304,82
45789,111,99,12
45801,9056,6221,2835
45804,7103,4498,2605
45805,9452,6207,3245
45806,4144,3203,941
45807,4166,3252,914
45808,126,107,19
45809,90,71,19
45810,2734,1649,1085
45812,821,567,254
45813,1423,1019,404
45814,889,675,214
45816,110,76,34
45817,2188,1576,612
45819,110,90,20
45820,160,123,37
45821,552,454,98
45822,7613,5433,2180
45827,837,658,179
45828,2176,1697,479
45830,2162,1667,495
45831,1202,898,304
45832,1091,855,236
45833,4155,3058,1097
45835,189,143,46
45836,564,437,127
45837,35,31,4
45838,8,8,0
45840,20550,13694,6856
45841,373,291,82
45843,1400,1075,325
45844,1240,996,244
45845,990,779,211
45846,1397,1085,312
45849,462,351,111
45850,1390,1112,278
45851,220,189,31
45853,373,289,84
45855,77,60,17
45856,1915,1482,433
45858,1087,866,221
45859,170,117,53
45860,693,588,105
45861,87,59,28
45862,573,455,118
45863,451,334,117
45865,1737,1310,427
45866,39,24,15
45867,455,365,90
45868,273,210,63
45869,1632,1286,346
45870,39,26,13
45871,643,484,159
45872,1568,1138,430
45873,919,695,224
45874,911,696,215
45875,3941,2913,1028
45876,177,112,65
45877,797,629,168
45879,2515,1809,706
45880,960,692,268
45881,444,386,58
45882,1100,801,299
45883,1111,937,174
45885,4992,3514,1478
45886,200,170,30
45887,1771,1363,408
45888,66,56,10
45889,409,355,54
45890,257,176,81
45891,6326,4460,1866
45894,259,206,53
45895,6781,4994,1787
45896,738,582,156
45897,24,17,7
45898,485,367,118
45899,96,44,52
46001,4736,3489,1247
46011,6984,5148,1836
46012,8505,5863,2642
46013,8220,5060,3160
46016,8853,5324,3529
46017,2542,1804,738
46030,1216,984,232
46031,852,636,216
46032,12944,9776,3168
46033,9600,8498,1102
46034,2128,1669,459
46035,403,263,140
46036,5141,3735,1406
46038,15248,11327,3921
46039,318,235,83
46040,2146,1560,586
46041,9228,6562,2666
46044,1120,844,276
46045,23,23,0
46047,25,9,16
46048,452,359,93
46049,354,265,89
46050,684,537,147
46051,1013,750,263
46052,8284,5789,2495
46055,1045,892,153
46056,774,645,129
46057,450,377,73
46058,769,526,243
46060,15912,12314,3598
46063,51,40,11
46064,3762,2934,828
46065,1031,811,220
46068,1094,913,181
46069,2448,1970,478
46070,891,688,203
46071,1288,1021,267
46072,3808,2687,1121
46074,3288,2369,919
46075,648,470,178
46076,707,545,162
46077,5360,4298,1062
46102,15,13,2
46103,61,45,16
46104,437,362,75
46105,735,589,146
46106,1595,1261,334
46107,4839,3070,1769
46110,178,158,20
46111,80,71,9
46112,8973,7241,1732
46113,2239,1878,361
46115,766,578,188
46117,221,185,36
46118,1752,1454,298
46120,2349,1755,594
46121,1573,1265,308
46122,4518,3543,975
46123,7166,5828,1338
46124,2763,1999,764
46125,17,8,9
46126,1614,1332,282
46127,145,119,26
46128,776,670,106
46130,666,490,176
46131,9482,7081,2401
46133,318,251,67
46135,6307,4449,1858
46140,12813,9703,3110
46142,11637,8685,2952
46143,12518,9064,3454
46144,75,57,18
46147,1045,781,264
46148,1840,1347,493
46149,657,502,155
46150,339,235,104
46151,11772,8983,2789
46155,83,64,19
46156,547,412,135
46157,976,818,158
46158,8707,6862,1845
46160,2310,1747,563
46161,953,762,191
46162,118,88,30
46163,3284,2847,437
46164,1527,1165,362
46165,567,421,146
46166,814,672,142
46167,1678,1401,277
46168,7971,5758,2213
46171,603,472,131
46172,915,720,195
46173,4401,3162,1239
46175,249,149,100
46176,10562,7284,3278
46180,388,305,83
46181,1579,1289,290
46182,724,524,200
46184,3147,2611,536
46186,639,529,110
46201,15167,8802,6365
46202,7924,2541,5383
46203,15612,10168,5444
46204,1676,202,1474
46205,12045,6867,5178
46208,10497,5353,5144
46214,10420,5339,5081
46216,122,46,76
46217,7247,5495,1752
46218,13437,8877,4560
46219,15871,9364,6507
46220,16671,8721,7950
46221,8971,6376,2595
46222,13858,8510,5348
46224,15269,8467,6802
46225,3201,1836,1365
46226,17908,11697,6211
46227,22612,13446,9166
46228,5829,3994,1835
46229,9285,6598,2687
46231,2175,1661,514
46234,7068,5042,2026
46235,9130,6289,2841
46236,9274,7453,1821
46237,11543,8247,3296
46239,5003,3959,1044
46240,9200,4258,4942
46241,11748,8115,3633
46250,8329,3975,4354
46254,15453,8627,6826
46256,9355,6321,3034
46259,2259,1967,292
46260,13500,8030,5470
46268,10471,5549,4922
46278,2427,1851,576
46280,2454,1729,725
46290,84,60,24
46301,330,195,135
46303,4209,3167,1042
46304,8105,5924,2181
46307,17445,13148,4297
46310,4243,3442,801
46311,5902,4885,1017
46312,11680,7977,3703
46319,7423,5248,2175
46320,6108,3758,2350
46321,8108,6170,1938
46322,9633,6716,2917
46323,9273,6170,3103
46324,8980,6107,2873
46327,4390,2939,1451
46340,420,333,87
46341,3396,2655,741
46342,11460,8098,3362
46345,61,46,15
46346,493,391,102
46347,1439,1129,310
46348,412,298,114
46349,1172,881,291
46350,16266,11576,4690
46356,5227,4031,1196
46360,17893,12010,5883
46365,375,313,62
46366,2296,1727,569
46368,13672,9713,3959
46371,1107,846,261
46373,2762,2345,417
46374,400,315,85
46375,7220,5193,2027
46376,118,90,28
46377,43,43,0
46379,86,59,27
46381,58,51,7
46382,729,586,143
46383,13751,8997,4754
46385,11749,9457,2292
46390,893,699,194
46391,1751,1239,512
46392,2177,1796,381
46393,68,57,11
46394,5324,3267,2057
46402,3361,1917,1444
46403,5911,3902,2009
46404,7943,5606,2337
46405,4626,3365,1261
46406,4340,3063,1277
46407,7167,4507,2660
46408,7324,5186,2138
46409,4075,3057,1018
46410,12707,8650,4057
46501,1406,1093,313
46502,30,15,15
46504,1165,866,299
46506,3518,2729,789
46507,3301,2611,690
46508,57,37,20
46510,1299,1010,289
46511,1703,1205,498
46513,15,15,0
46514,15113,10468,4645
46516,12787,8765,4022
46517,7662,5272,2390
46524,687,546,141
46526,9917,6954,2963
46528,7141,5719,1422
46530,8449,7595,854
46531,458,348,110
46532,733,589,144
46534,4104,2985,1119
46536,1120,844,276
46537,199,131,68
46538,1647,1208,439
46539,787,603,184
46540,3148,2606,542
46542,1441,1105,336
46543,872,790,82
46544,12034,7960,4074
46545,11525,6396,5129
46550,3958,3093,865
46552,2248,1584,664
46553,1011,855,156
46554,1508,1162,346
46555,1095,777,318
46556,3,3,0
46561,4138,3428,710
46562,1549,1243,306
46563,8130,5910,2220
46565,2005,1700,305
46566,67,51,16
46567,3805,2684,1121
46570,430,308,122
46571,1440,1214,226
46573,1193,950,243
46574,3076,2319,757
46580,7765,5448,2317
46582,4022,3023,999
46590,1302,918,384
46595,39,28,11
46601,2614,988,1626
46613,4443,2911,1532
46614,12072,7948,4124
46615,6757,3889,2868
46616,2831,1711,1120
46617,4293,2577,1716
46619,7549,5421,2128
46628,10400,7103,3297
46629,0,0,0
46635,2650,1904,746
46637,6032,3666,2366
46701,2837,2112,725
46702,961,769,192
46703,6711,4523,2188
46705,590,415,175
46706,6769,4723,2046
46710,1586,1175,411
46711,2580,1885,695
46714,5615,3895,1720
46721,1849,1372,477
46723,2586,1960,626
46725,7960,5859,2101
46730,555,426,129
46731,214,199,15
46732,1221,970,251
46733,7197,5130,2067
46737,2576,1870,706
46738,2864,2062,802
46740,1145,865,280
46741,1439,1240,199
46742,1242,910,332
46743,419,310,109
46745,574,476,98
46746,1455,1076,379
46747,1044,779,265
46748,1226,957,269
46750,10559,7579,2980
46755,5893,4035,1858
46759,308,250,58
46760,449,301,148
46761,3722,2860,862
46763,588,471,117
46764,510,429,81
46765,1287,1115,172
46766,225,183,42
46767,2517,1959,558
46770,912,685,227
46772,791,690,101
46773,1314,1026,288
46774,5324,3947,1377
46776,527,372,155
46777,2325,1784,541
46779,883,680,203
46781,330,260,70
46783,1864,1461,403
46784,964,788,176
46785,471,412,59
46787,1492,1081,411
46788,862,739,123
46791,335,261,74
46792,1428,1076,352
46793,1487,1132,355
46794,564,488,76
46795,2209,1701,508
46797,1340,1070,270
46798,712,528,184
46799,41,34,7
46802,4963,2097,2866
46803,3782,2327,1455
46804,10213,7143,3070
46805,9732,5189,4543
46806,9640,6852,2788
46807,6701,4121,2580
46808,8216,4623,3593
46809,3917,2479,1438
46814,2512,2284,228
46815,10381,7334,3047
46816,7095,4359,2736
46818,5448,3951,1497
46819,3731,2515,1216
46825,10055,6599,3456
46835,12244,8358,3886
46845,5170,4485,685
46901,16281,10814,5467
46902,15096,10105,4991
46910,1135,896,239
46911,596,486,110
46913,489,454,35
46914,815,617,198
46917,655,455,200
46919,906,689,217
46920,636,466,170
46921,29,23,6
46923,3124,2316,808
46926,678,526,152
46928,2196,1641,555
46929,1291,923,368
46930,89,69,20
46931,72,60,12
46932,1451,1147,304
46933,2479,1736,743
46936,2316,1836,480
46938,1355,1021,334
46939,894,648,246
46940,1126,890,236
46941,456,361,95
46943,107,72,35
46946,57,44,13
46947,11635,7891,3744
46950,250,195,55
46951,828,642,186
46952,9117,6112,3005
46953,9771,6503,3268
46957,136,96,40
46958,298,183,115
46959,53,36,17
46960,555,414,141
46961,25,17,8
46962,3497,2481,1016
46968,37,28,9
46970,9737,6840,2897
46974,635,506,129
46975,5610,3913,1697
46978,832,637,195
46979,1626,1306,320
46982,948,769,179
46985,602,492,110
46986,688,532,156
46987,246,180,66
46988,329,247,82
46989,1287,974,313
46990,297,260,37
46991,736,612,124
46992,7235,5019,2216
46994,1015,786,229
46996,2695,1911,784
46998,43,14,29
47001,4028,3004,1024
47003,240,189,51
47006,3777,2859,918
47010,149,104,45
47011,254,187,67
47012,3526,2641,885
47016,242,180,62
47017,185,117,68
47018,1306,932,374
47019,19,19,0
47020,397,299,98
47021,29,15,14
47022,1062,908,154
47023,546,407,139
47024,1185,965,220
47025,7425,5574,1851
47030,515,425,90
47031,1879,1419,460
47032,1084,913,171
47034,45,39,6
47035,37,37,0
47036,222,173,49
47037,1663,1222,441
47038,547,423,124
47040,1910,1380,530
47041,1925,1519,406
47042,1678,1271,407
47043,2076,1492,584
47060,2132,1683,449
47102,2829,2161,668
47106,1621,1297,324
47108,902,660,242
47111,4466,3392,1074
47112,5542,4035,1507
47114,53,39,14
47115,893,679,214
47116,300,234,66
47117,1487,1208,279
47118,1355,974,381
47119,3422,2826,596
47120,344,246,98
47122,2978,2456,522
47123,16,5,11
47124,1315,1144,171
47125,621,452,169
47126,1259,1022,237
47129,8722,5290,3432
47130,16135,10628,5507
47135,484,396,88
47136,1335,1059,276
47137,556,405,151
47138,1650,1311,339
47139,15,11,4
47140,1102,804,298
47141,521,409,112
47142,384,288,96
47143,737,606,131
47145,757,576,181
47147,389,305,84
47150,19122,12700,6422
47160,12,9,3
47161,1249,934,315
47162,284,210,74
47163,642,551,91
47164,1331,1084,247
47165,2105,1605,500
47166,481,380,101
47167,5638,4114,1524
47170,5491,3970,1521
47172,4601,3436,1165
47174,29,29,0
47175,343,250,93
47177,234,190,44
47201,15175,10725,4450
47203,9323,6797,2526
47220,1903,1447,456
47223,595,441,154
47224,227,190,37
47226,70,47,23
47227,522,442,80
47229,1290,979,311
47230,625,519,106
47231,402,340,62
47232,1001,732,269
47234,587,451,136
47235,776,619,157
47240,7615,5533,2082
47243,1907,1419,488
47244,297,238,59
47246,1580,1261,319
47247,57,35,22
47250,8543,5671,2872
47260,729,566,163
47263,89,77,12
47264,581,486,95
47265,7430,5531,1899
47270,296,232,64
47272,721,594,127
47273,696,558,138
47274,10967,7664,3303
47280,372,264,108
47281,551,393,158
47282,103,68,35
47283,1300,996,304
47302,12591,8295,4296
47303,10862,5834,5028
47304,12194,7761,4433
47305,2246,951,1295
47320,1716,1189,527
47325,272,243,29
47326,645,537,108
47327,2175,1635,540
47330,2038,1582,456
47331,9883,6930,2953
47334,1211,874,337
47336,1682,1245,437
47337,77,60,17
47338,1225,972,253
47339,232,166,66
47340,1235,922,313
47341,792,637,155
47342,1099,888,211
47344,45,29,16
47345,486,382,104
47346,1672,1154,518
47348,4368,3092,1276
47351,156,110,46
47352,402,287,115
47353,2296,1671,625
47354,524,413,111
47355,1169,857,312
47356,2535,1854,681
47357,442,317,125
47358,399,337,62
47359,1285,919,366
47360,541,461,80
47361,64,46,18
47362,12115,8427,3688
47368,1085,792,293
47369,530,353,177
47371,4896,3475,1421
47373,983,691,292
47374,20239,13079,7160
47380,856,661,195
47381,20,16,4
47382,74,46,28
47383,1120,941,179
47384,711,588,123
47385,656,492,164
47386,487,390,97
47387,268,218,50
47390,2241,1506,735
47392,18,18,0
47393,538,461,77
47394,3602,2434,1168
47396,2474,1921,553
47401,14910,7557,7353
47403,10555,6571,3984
47404,7734,4318,3416
47406,0,0,0
47408,10197,3903,6294
47420,41,27,14
47421,11378,7817,3561
47424,3643,2629,1014
47427,390,307,83
47429,2591,1932,659
47430,22,22,0
47431,471,344,127
47432,1812,1255,557
47433,1326,967,359
47436,553,407,146
47438,1939,1349,590
47441,3955,2654,1301
47443,524,375,149
47445,18,11,7
47446,4162,2966,1196
47448,3032,2163,869
47449,196,141,55
47451,556,378,178
47452,1919,1404,515
47453,251,157,94
47454,2922,2085,837
47455,99,77,22
47456,268,234,34
47459,1342,1023,319
47460,4498,3305,1193
47462,1784,1395,389
47464,32,27,5
47465,242,201,41
47467,27,21,6
47468,468,342,126
47469,737,529,208
47470,620,439,181
47471,1135,760,375
47501,6710,4584,2126
47512,1939,1322,617
47513,693,503,190
47514,87,80,7
47515,401,317,84
47516,482,355,127
47519,189,142,47
47520,1154,790,364
47521,265,234,31
47522,99,58,41
47523,1392,1043,349
47524,254,173,81
47525,148,129,19
47527,676,479,197
47528,222,156,66
47529,496,366,130
47531,228,188,40
47532,1525,1198,327
47535,277,192,85
47536,28,19,9
47537,235,192,43
47541,464,336,128
47542,3252,2368,884
47545,20,8,12
47546,7494,5322,2172
47550,319,256,63
47551,216,186,30
47552,76,57,19
47553,3034,2161,873
47557,547,399,148
47558,1079,875,204
47561,512,390,122
47562,1417,1122,295
47564,532,385,147
47567,2415,1684,731
47568,366,293,73
47574,51,37,14
47575,382,291,91
47576,163,120,43
47577,331,258,73
47578,365,282,83
47579,712,606,106
47580,73,42,31
47581,1566,1080,486
47584,47,34,13
47585,169,120,49
47586,4701,3199,1502
47588,212,125,87
47590,285,214,71
47591,10535,6645,3890
47596,93,57,36
47597,427,304,123
47598,1426,1080,346
47601,5372,3967,1405
47610,2069,1624,445
47611,490,363,127
47612,414,334,80
47613,875,681,194
47615,692,518,174
47616,165,124,41
47619,646,486,160
47620,5501,4059,1442
47630,9812,7937,1875
47631,838,571,267
47633,1090,797,293
47634,983,704,279
47635,2128,1657,471
47637,636,497,139
47638,1234,963,271
47639,1313,1007,306
47640,347,264,83
47647,44,22,22
47648,1650,1215,435
47649,615,453,162
47654,28,19,9
47660,2070,1461,609
47665,1272,943,329
47666,636,461,175
47670,4836,3243,1593
47683,132,102,30
47708,168,76,92
47710,8993,5467,3526
47711,11836,7913,3923
47712,9512,6109,3403
47713,5330,2734,2596
47714,14834,9009,5825
47715,11174,6480,4694
47720,6319,4819,1500
47725,3396,2914,482
47802,12296,7906,4390
47803,8386,5332,3054
47804,4624,2771,1853
47805,4970,3691,1279
47807,5822,2850,2972
47832,447,332,115
47833,306,247,59
47834,7417,5351,2066
47836,40,30,10
47837,464,375,89
47838,783,596,187
47840,601,491,110
47841,947,696,251
47842,4197,2872,1325
47846,310,191,119
47847,465,340,125
47848,683,483,200
47849,178,164,14
47850,1027,765,262
47853,73,47,26
47854,347,276,71
47855,271,191,80
47856,37,30,7
47858,265,204,61
47859,384,300,84
47860,121,90,31
47861,260,235,25
47862,679,499,180
47863,0,0,0
47865,35,21,14
47866,164,144,20
47868,1208,917,291
47872,3034,2103,931
47874,1317,1003,314
47876,0,0,0
47879,1252,926,326
47881,109,88,21
47882,3363,2232,1131
47884,158,100,58
47885,3963,2902,1061
47901,1980,692,1288
47904,6592,3575,3017
47905,14759,9629,5130
47906,18121,8963,9158
47909,11522,8065,3457
47916,30,25,5
47917,172,142,30
47918,2507,1794,713
47920,849,623,226
47921,456,320,136
47922,607,466,141
47923,1387,1091,296
47924,36,36,0
47925,61,37,24
47926,402,313,89
47928,798,564,234
47929,312,246,66
47930,377,306,71
47932,2163,1604,559
47933,10817,7476,3341
47940,559,438,121
47941,215,159,56
47942,318,244,74
47943,294,230,64
47944,1444,1014,430
47946,819,592,227
47948,573,408,165
47949,441,331,110
47950,384,243,141
47951,956,655,301
47952,1254,899,355
47954,823,644,179
47955,427,317,110
47957,732,534,198
47958,113,78,35
47959,1135,838,297
47960,6104,4277,1827
47963,823,573,250
47964,53,41,12
47965,111,84,27
47966,188,118,70
47967,320,243,77
47968,375,280,95
47969,52,34,18
47970,837,611,226
47971,681,498,183
47974,489,353,136
47975,291,207,84
47977,899,655,244
47978,4007,2968,1039
47980,434,349,85
47981,271,183,88
47982,44,31,13
47983,83,51,32
47986,25,16,9
47987,1627,1232,395
47989,388,307,81
47990,626,468,158
47991,381,291,90
47992,428,356,72
47993,1541,1108,433
47994,207,144,63
47995,618,442,176
47997,24,14,10
48001,5229,3665,1564
48002,1057,875,182
48003,1928,1571,357
48005,1695,1416,279
48006,1341,1114,227
48009,9185,5119,4066
48014,1280,1010,270
48015,4010,2164,1846
48017,5648,3279,2369
48021,13234,8898,4336
48022,814,686,128
48023,2654,1837,817
48025,5632,4187,1445
48026,6078,4160,1918
48027,1030,855,175
48028,579,379,200
48030,7264,4701,2563
48032,681,580,101
48034,15544,7915,7629
48035,13908,9174,4734
48036,9520,6103,3417
48038,17119,10547,6572
48039,3161,2246,915
48040,4051,2802,1249
48041,1516,1163,353
48042,5336,4529,807
48043,7228,3982,3246
48044,11558,9578,1980
48045,10518,6294,4224
48047,11568,8469,3099
48048,1928,1444,484
48049,2015,1702,313
48050,475,418,57
48051,4795,3764,1031
48054,2612,1999,613
48059,5800,4204,1596
48060,16139,10408,5731
48062,3029,2236,793
48063,1525,1342,183
48064,1664,1293,371
48065,3631,2786,845
48066,20443,13005,7438
48067,12195,5837,6358
48069,1045,690,355
48070,2383,1816,567
48071,13307,8010,5297
48072,6665,4033,2632
48073,16588,8627,7961
48074,3102,2321,781
48075,9418,5847,3571
48076,10608,7313,3295
48079,4650,3491,1159
48080,10865,6259,4606
48081,9359,6297,3062
48082,7024,4739,2285
48083,8923,5703,3220
48084,6140,3526,2614
48089,12818,8572,4246
48091,12894,8229,4665
48092,10045,7047,2998
48093,19768,12988,6780
48094,4870,3786,1084
48095,1292,1125,167
48096,1367,1137,230
48097,1874,1447,427
48098,14985,12760,2225
48101,12088,8239,3849
48103,20749,12433,8316
48104,16173,5635,10538
48105,13910,8167,5743
48108,9520,5648,3872
48109,30,0,30
48111,15705,10329,5376
48114,6653,5379,1274
48116,9346,6901,2445
48117,3651,2848,803
48118,4322,3170,1152
48120,2615,1447,1168
48122,4504,2728,1776
48124,14123,9001,5122
48125,8880,6194,2686
48126,15566,10494,5072
48127,14407,9669,4738
48128,4392,2973,1419
48130,3750,2996,754
48131,2357,1739,618
48133,2024,1472,552
48134,5952,4342,1610
48135,11139,8118,3021
48137,1599,1243,356
48138,4110,3292,818
48139,34,21,13
48140,1097,930,167
48141,11166,7550,3616
48143,23,17,6
48144,3160,2548,612
48145,1203,974,229
48146,16083,10645,5438
48150,11066,7925,3141
48152,12462,8818,3644
48154,14703,11523,3180
48157,571,396,175
48158,2657,1987,670
48159,897,702,195
48160,4147,3087,1060
48161,9822,6784,3038
48162,11213,7801,3412
48164,2695,2177,518
48165,1905,1486,419
48166,3651,2863,788
48167,14320,10073,4247
48169,6850,5507,1343
48170,16081,10655,5426
48173,3991,2930,1061
48174,11041,7752,3289
48176,6521,5046,1475
48178,8934,6756,2178
48179,1006,829,177
48180,24766,17842,6924
48182,7549,5972,1577
48183,16063,11505,4558
48184,7379,4916,2463
48185,22624,12448,10176
48186,14352,10045,4307
48187,16368,12142,4226
48188,11186,8568,2618
48189,5102,3588,1514
48190,35,31,4
48191,957,762,195
48192,18419,12051,6368
48195,12822,8039,4783
48197,21950,11581,10369
48198,15756,9820,5936
48201,7504,2309,5195
48202,9049,4041,5008
48203,16407,10124,6283
48204,15340,10094,5246
48205,19968,15399,4569
48206,11901,7629,4272
48207,11866,5372,6494
48208,5304,2727,2577
48209,11819,8287,3532
48210,12705,8738,3967
48211,3291,2097,1194
48212,15269,9764,5505
48213,13764,9860,3904
48214,13033,6692,6341
48215,6796,4284,2512
48216,2464,1340,1124
48217,3915,2655,1260
48218,3662,2511,1151
48219,21611,14758,6853
48220,11023,5854,5169
48221,16590,11689,4901
48223,12413,8650,3763
48224,18675,13231,5444
48225,6384,3769,2615
48226,2598,611,1987
48227,20756,14945,5811
48228,23301,15915,7386
48229,4304,2748,1556
48230,7249,4903,2346
48234,15449,11089,4360
48235,19738,13654,6084
48236,12131,9154,2977
48237,12576,8277,4299
48238,16329,11012,5317
48239,14908,10184,4724
48240,7316,4900,2416
48242,0,0,0
48301,5628,4460,1168
48302,6420,4926,1494
48304,6695,4994,1701
48306,7712,6649,1063
48307,15713,9931,5782
48309,10422,7730,2692
48310,14654,11135,3519
48312,12945,8684,4261
48313,12381,9208,3173
48314,6253,4398,1855
48315,8049,6308,1741
48316,7760,6071,1689
48317,10644,6860,3784
48320,2022,1142,880
48322,11219,8347,2872
48323,6304,5236,1068
48324,6315,5010,1305
48326,7828,4474,3354
48327,8864,5444,3420
48328,10726,6482,4244
48329,10007,7369,2638
48331,8364,6426,1938
48334,7559,4929,2630
48335,10536,5780,4756
48336,11186,6854,4332
48340,9708,5924,3784
48341,7273,4365,2908
48342,7154,4972,2182
48346,8944,6561,2383
48348,6597,5571,1026
48350,2468,1945,523
48353,2158,1810,348
48356,3139,2456,683
48357,3290,2557,733
48359,2823,1902,921
48360,4040,3110,930
48362,5134,3698,1436
48363,1572,1272,300
48367,1698,1308,390
48370,618,482,136
48371,6701,5149,1552
48374,3576,3225,351
48375,8159,5456,2703
48377,5243,2577,2666
48380,1925,1717,208
48381,4505,3404,1101
48382,6550,5385,1165
48383,4224,3383,841
48386,5921,4470,1451
48390,7890,5372,2518
48393,7014,3932,3082
48401,574,429,145
48412,2020,1622,398
48413,3041,2145,896
48414,900,746,154
48415,3509,2732,777
48416,1849,1460,389
48417,1049,859,190
48418,1437,1189,248
48419,1056,812,244
48420,8348,6330,2018
48421,2448,1976,472
48422,2353,1749,604
48423,12815,8533,4282
48426,426,325,101
48427,1181,823,358
48428,1684,1467,217
48429,3750,2806,944
48430,12195,9091,3104
48432,303,233,70
48433,9777,7370,2407
48434,47,22,25
48435,764,610,154
48436,1246,1013,233
48437,125,87,38
48438,2057,1750,307
48439,15794,10939,4855
48440,25,25,0
48441,1808,1300,508
48442,6846,5171,1675
48444,3210,2375,835
48445,705,519,186
48446,11065,8195,2870
48449,1365,1093,272
48450,2233,1455,778
48451,4429,3456,973
48453,1932,1426,506
48454,399,298,101
48455,2904,2339,565
48456,398,301,97
48457,2930,2304,626
48458,9412,6444,2968
48460,898,696,202
48461,2571,2167,404
48462,4505,3702,803
48463,1750,1364,386
48464,717,563,154
48465,237,168,69
48466,581,446,135
48467,1234,767,467
48468,583,431,152
48469,659,398,261
48470,321,238,83
48471,2246,1540,706
48472,712,570,142
48473,7514,5660,1854
48475,1061,766,295
48476,147,125,22
48502,272,48,224
48503,12477,7140,5337
48504,14338,9889,4449
48505,12290,8669,3621
48506,12988,8588,4400
48507,14235,8818,5417
48509,3889,2918,971
48519,2706,1845,861
48529,4438,2919,1519
48532,8273,5279,2994
48601,17147,12476,4671
48602,13047,8147,4900
48603,16771,10506,6265
48604,4329,3013,1316
48607,1079,450,629
48609,4796,3645,1151
48610,1433,1021,412
48611,2287,1714,573
48612,3752,2700,1052
48613,385,300,85
48614,476,361,115
48615,1164,873,291
48616,2903,2162,741
48617,3328,2293,1035
48618,2020,1525,495
48619,197,143,54
48620,17,17,0
48621,620,439,181
48622,2443,1798,645
48623,4038,3189,849
48624,6535,4772,1763
48625,5646,3876,1770
48626,2134,1719,415
48627,124,82,42
48628,839,615,224
48629,3387,2232,1155
48630,102,70,32
48631,1711,1301,410
48632,2170,1535,635
48633,32,17,15
48634,1676,1287,389
48635,811,580,231
48636,500,378,122
48637,1268,989,279
48640,12601,8826,3775
48642,12166,8602,3564
48647,1899,1316,583
48649,619,507,112
48650,2951,2217,734
48651,2271,1594,677
48652,574,428,146
48653,4325,3046,1279
48654,1061,764,297
48655,2481,1947,534
48656,2044,1364,680
48657,3156,2368,788
48658,2103,1438,665
48659,1038,799,239
48661,4038,2799,1239
48662,625,477,148
48701,578,425,153
48703,1514,1025,489
48705,257,173,84
48706,16614,11432,5182
48708,11782,7527,4255
48720,481,328,153
48721,206,147,59
48722,1325,989,336
48723,4752,3315,1437
48724,127,99,28
48725,1178,725,453
48726,2490,1785,705
48727,462,340,122
48728,145,95,50
48729,579,456,123
48730,2246,1407,839
48731,735,542,193
48732,4951,3182,1769
48733,807,612,195
48734,3020,2059,961
48735,372,261,111
48737,619,412,207
48738,681,471,210
48739,2035,1417,618
48740,1063,735,328
48741,784,613,171
48742,805,537,268
48743,15,10,5
48744,1767,1349,418
48745,554,402,152
48746,3185,2560,625
48747,562,433,129
48748,780,547,233
48749,494,361,133
48750,3950,2619,1331
48754,348,234,114
48755,1311,987,324
48756,1755,1230,525
48757,1540,1164,376
48759,1556,1053,503
48760,426,319,107
48761,520,347,173
48762,598,440,158
48763,2034,1446,588
48765,355,270,85
48766,528,382,146
48767,890,663,227
48768,3614,2813,801
48770,816,569,247
48801,4584,3032,1552
48806,673,532,141
48807,356,259,97
48808,1572,1215,357
48809,4037,2924,1113
48811,1241,932,309
48813,7567,5660,1907
48815,740,548,192
48817,2536,1743,793
48818,1048,710,338
48819,808,668,140
48820,5093,4068,1025
48821,2245,1626,619
48822,878,690,188
48823,19469,8160,11309
48824,0,0,0
48827,5411,4145,1266
48829,1259,925,334
48830,21,13,8
48831,1351,1012,339
48832,517,415,102
48834,839,665,174
48835,1099,882,217
48836,4090,3156,934
48837,6772,5012,1760
48838,6317,4446,1871
48840,5299,3126,2173
48841,276,241,35
48842,7116,5168,1948
48843,15494,12054,3440
48845,333,254,79
48846,5608,3907,1701
48847,2406,1769,637
48848,2766,2230,536
48849,2257,1706,551
48850,1726,1279,447
48851,831,623,208
48852,38,28,10
48853,168,122,46
48854,6296,4662,1634
48856,337,255,82
48857,825,654,171
48858,15249,7619,7630
48860,504,372,132
48861,582,452,130
48864,7802,5135,2667
48865,685,500,185
48866,1645,1277,368
48867,11044,7785,3259
48871,699,549,150
48872,2668,2101,567
48873,602,477,125
48874,61,46,15
48875,3274,2553,721
48876,1264,950,314
48877,932,724,208
48878,618,473,145
48879,6309,4804,1505
48880,2546,1779,767
48881,1983,1508,475
48883,2669,2034,635
48884,1531,1154,377
48885,313,248,65
48886,848,600,248
48888,2572,1953,619
48889,496,379,117
48890,771,598,173
48891,1080,821,259
48892,1569,1237,332
48893,1833,1342,491
48894,245,185,60
48895,4156,3158,998
48896,45,35,10
48897,571,454,117
48906,10378,6668,3710
48910,15795,8609,7186
48911,15685,10306,5379
48912,8084,4034,4050
48915,4144,2492,1652
48917,13687,8354,5333
48933,1491,296,1195
49001,16760,9862,6898
49002,8162,4994,3168
49004,8266,6219,2047
49006,10206,4247,5959
49007,4578,2146,2432
49008,7337,3470,3867
49009,12140,7706,4434
49010,6225,4577,1648
49011,811,617,194
49012,1429,1042,387
49013,1957,1434,523
49014,8607,5863,2744
49015,13928,9037,4891
49016,0,0,0
49017,14915,9570,5345
49021,2241,1742,499
49022,13384,8839,4545
49024,10855,7879,2976
49026,1003,738,265
49027,45,39,6
49028,2426,1790,636
49029,650,525,125
49030,927,701,226
49031,3131,2200,931
49032,1014,777,237
49033,602,503,99
49034,811,646,165
49036,8842,6028,2814
49038,4088,2861,1227
49040,1404,992,412
49042,1825,1350,475
49043,918,621,297
49045,2070,1469,601
49046,2726,2057,669
49047,5878,4134,1744
49050,605,424,181
49051,865,662,203
49052,294,256,38
49053,2381,1714,667
49055,2223,1633,590
49056,1466,1105,361
49057,2338,1740,598
49058,6790,5050,1740
49060,797,636,161
49061,581,449,132
49064,1344,1014,330
49065,2283,1742,541
49066,251,211,40
49067,1646,1209,437
49068,6001,4260,1741
49070,777,605,172
49071,2925,2352,573
49072,1214,941,273
49073,1902,1431,471
49075,58,39,19
49076,1440,1044,396
49078,3418,2507,911
49079,4814,3480,1334
49080,5352,4130,1222
49082,2388,1783,605
49083,2405,1879,526
49085,9935,6493,3442
49087,1897,1509,388
49088,1076,867,209
49089,764,613,151
49090,5933,3993,1940
49091,7603,5248,2355
49092,853,609,244
49093,7117,4957,2160
49094,1616,1169,447
49095,761,512,249
49096,1161,919,242
49097,3731,2914,817
49098,2383,1705,678
49099,2162,1580,582
49101,1249,899,350
49102,405,310,95
49103,4342,3197,1145
49106,1951,1377,574
49107,4155,2952,1203
49111,1288,988,300
49112,3892,2837,1055
49113,757,560,197
49115,11,5,6
49116,128,107,21
49117,1863,1186,677
49119,37,21,16
49120,14114,9782,4332
49125,1087,703,384
49126,615,399,216
49127,3615,2707,908
49128,1912,1355,557
49129,339,228,111
49130,542,436,106
49201,14657,10724,3933
49202,9119,5333,3786
49203,15135,10218,4917
49220,858,631,227
49221,14164,9966,4198
49224,5415,3705,1710
49227,415,310,105
49228,2195,1606,589
49229,1033,839,194
49230,3815,2767,1048
49232,970,741,229
49233,607,490,117
49234,1004,749,255
49235,773,585,188
49236,1845,1377,468
49237,1104,873,231
49238,615,472,143
49240,2719,2169,550
49241,865,674,191
49242,5737,3853,1884
49245,1731,1304,427
49246,1249,1011,238
49247,2252,1653,599
49248,351,270,81
49249,1361,1076,285
49250,2182,1643,539
49251,2242,1719,523
49252,983,702,281
49253,1240,888,352
49254,1297,964,333
49255,615,477,138
49256,1548,1166,382
49259,924,744,180
49262,558,437,121
49263,11,11,0
49264,638,490,148
49265,1756,1399,357
49266,1081,830,251
49267,1465,1142,323
49268,396,298,98
49269,2192,1726,466
49270,2019,1656,363
49271,852,658,194
49272,912,636,276
49274,1361,991,370
49276,343,276,67
49277,1295,1089,206
49279,316,269,47
49281,210,170,40
49282,316,220,96
49283,941,681,260
49284,1131,821,310
49285,1800,1418,382
49286,5461,3986,1475
49287,750,604,146
49288,520,368,152
49289,34,23,11
49301,3467,2949,518
49302,2105,1804,301
49303,334,280,54
49304,1844,1095,749
49305,1089,778,311
49306,2816,2230,586
49307,6515,3711,2804
49309,737,504,233
49310,1004,770,234
49312,46,23,23
49315,4837,3729,1108
49316,4848,3893,955
49318,531,427,104
49319,4831,3817,1014
49321,6095,3879,2216
49322,457,348,109
49323,2543,2155,388
49325,554,447,107
49326,1328,1010,318
49327,2632,2014,618
49328,1272,1013,259
49329,2427,1917,510
49330,1585,1311,274
49331,4954,3872,1082
49332,1241,865,376
49333,3224,2620,604
49335,39,29,10
49336,1369,1053,316
49337,4682,3450,1232
49338,769,532,237
49339,764,623,141
49340,1106,830,276
49341,9911,8142,1769
49342,716,533,183
49343,1748,1307,441
49344,1360,1001,359
49345,4531,3437,1094
49346,1806,1429,377
49347,486,362,124
49348,4025,3096,929
49349,3106,2231,875
49401,3435,2155,1280
49402,603,395,208
49403,805,655,150
49404,2743,2153,590
49405,593,461,132
49406,334,186,148
49408,3415,2396,1019
49410,682,470,212
49411,615,466,149
49412,4171,3043,1128
49415,2064,1635,429
49417,10809,7833,2976
49418,9012,6741,2271
49419,2098,1761,337
49420,2279,1645,634
49421,2285,1679,606
49423,16252,11237,5015
49424,14521,11193,3328
49425,1299,1003,296
49426,8741,7468,1273
49428,8443,6822,1621
49431,6874,4636,2238
49434,38,7,31
49435,1097,846,251
49436,663,501,162
49437,2624,1941,683
49440,444,141,303
49441,16897,11130,5767
49442,15755,10556,5199
49444,7967,5662,2305
49445,7345,5649,1696
49446,843,673,170
49448,1210,934,276
49449,1189,859,330
49450,988,740,248
49451,2038,1629,409
49452,691,530,161
49453,1169,702,467
49454,1731,1277,454
49455,1839,1376,463
49456,6886,4762,2124
49457,3517,2727,790
49458,57,40,17
49459,495,382,113
49460,2451,1974,477
49461,3338,2440,898
49464,7031,5714,1317
49503,13923,6541,7382
49504,15576,9814,5762
49505,12755,7961,4794
49506,12262,8121,4141
49507,12747,9251,3496
49508,15278,10413,4865
49509,22559,14780,7779
49512,5371,2645,2726
49525,9761,7039,2722
49544,11087,7366,3721
49546,11841,8468,3373
49548,12279,8097,4182
49601,7945,5536,2409
49611,110,88,22
49612,442,310,132
49613,309,212,97
49614,1049,756,293
49615,1665,1169,496
49616,857,565,292
49617,1255,900,355
49618,305,237,68
49619,402,297,105
49620,751,573,178
49621,1084,810,274
49622,1071,794,277
49623,474,334,140
49625,486,356,130
49626,124,78,46
49627,109,71,38
49628,120,77,43
49629,1041,693,348
49630,564,382,182
49631,2422,1746,676
49632,439,331,108
49633,1345,998,347
49634,39,20,19
49635,1544,1039,505
49636,265,165,100
49637,1002,767,235
49638,341,245,96
49639,914,692,222
49640,638,439,199
49642,291,187,104
49643,1928,1367,561
49644,831,542,289
49645,647,454,193
49646,3246,2268,978
49648,814,644,170
49649,1910,1524,386
49650,965,747,218
49651,2979,2136,843
49653,814,607,207
49654,276,193,83
49655,1133,865,268
49656,624,442,182
49657,1157,908,249
49659,2423,1800,623
49660,5625,3790,1835
49663,2004,1505,499
49664,775,593,182
49665,1629,1195,434
49666,9,5,4
49667,211,151,60
49668,1244,878,366
49670,887,631,256
49675,466,299,167
49676,1244,904,340
49677,2641,1883,758
49679,435,310,125
49680,623,485,138
49682,1510,1162,348
49683,726,495,231
49684,13520,9313,4207
49686,11972,7833,4139
49688,950,720,230
49689,672,460,212
49690,2582,1949,633
49701,366,224,142
49705,311,261,50
49706,1816,1323,493
49707,10072,6687,3385
49709,1745,1212,533
49710,200,139,61
49712,3223,2220,1003
49713,776,579,197
49715,1092,813,279
49716,346,253,93
49718,403,257,146
49719,728,499,229
49720,3880,2681,1199
49721,6129,4279,1850
49722,26,19,7
49724,425,332,93
49725,400,244,156
49726,475,327,148
49727,2628,1963,665
49728,120,92,28
49729,609,459,150
49730,684,523,161
49733,784,559,225
49735,7216,5261,1955
49736,277,175,102
49738,4079,2918,1161
49740,2997,2048,949
49743,357,251,106
49744,302,244,58
49745,107,81,26
49746,1544,1095,449
49747,775,562,213
49748,111,75,36
49749,1887,1320,567
49751,768,561,207
49752,161,98,63
49753,891,685,206
49755,814,572,242
49756,1849,1218,631
49757,247,139,108
49759,725,523,202
49760,295,202,93
49761,23,7,16
49762,338,239,99
49764,48,18,30
49765,1818,1225,593
49766,1061,748,313
49768,232,157,75
49769,526,396,130
49770,6182,4073,2109
49774,724,563,161
49775,38,20,18
49776,815,564,251
49777,702,517,185
49779,2263,1513,750
49780,845,630,215
49781,2114,1410,704
49782,268,155,113
49783,7715,4824,2891
49788,826,657,169
49791,36,15,21
49792,25,18,7
49793,74,49,25
49795,739,526,213
49796,59,41,18
49799,832,605,227
49801,5205,3430,1775
49802,2942,1942,1000
49805,100,59,41
49806,257,183,74
49807,1413,1059,354
49808,80,55,25
49812,358,239,119
49813,120,80,40
49814,603,451,152
49815,226,143,83
49816,318,238,80
49817,226,186,40
49818,411,311,100
49820,366,252,114
49821,600,424,176
49822,85,55,30
49825,87,61,26
49826,13,9,4
49827,409,272,137
49829,7691,4855,2836
49831,23,7,16
49833,85,62,23
49834,102,72,30
49835,385,265,120
49836,279,205,74
49837,3868,2726,1142
49838,162,94,68
49839,201,133,68
49840,347,274,73
49841,2279,1635,644
49847,460,298,162
49848,76,53,23
49849,5133,3502,1631
49852,59,45,14
49853,529,419,110
49854,2781,1855,926
49855,12610,7382,5228
49858,5766,3723,2043
49861,244,161,83
49862,1901,1240,661
49863,52,35,17
49864,18,7,11
49866,3177,2146,1031
49868,1970,1359,611
49870,1448,954,494
49871,180,103,77
49872,32,15,17
49873,41,27,14
49874,361,239,122
49876,453,374,79
49877,22,14,8
49878,1657,1192,465
49879,456,319,137
49880,489,349,140
49881,145,108,37
49883,58,39,19
49884,226,197,29
49885,826,607,219
49886,211,151,60
49887,951,602,349
49891,419,274,145
49892,797,555,242
49893,696,488,208
49894,303,225,78
49895,259,204,55
49896,555,443,112
49901,204,117,87
49902,92,45,47
49903,70,33,37
49905,527,375,152
49908,1015,670,345
49910,215,143,72
49911,1351,808,543
49912,474,309,165
49913,3345,2010,1335
49915,420,258,162
49916,1039,754,285
49917,85,56,29
49918,33,27,6
49919,89,61,28
49920,1968,1260,708
49921,167,111,56
49922,490,353,137
49925,299,183,116
49927,200,134,66
49929,62,45,17
49930,2482,1404,1078
49931,2911,1436,1475
49934,360,243,117
49935,2483,1603,880
49938,3981,2423,1558
49942,136,102,34
49945,1122,731,391
49946,1718,1172,546
49947,302,223,79
49948,324,200,124
49950,570,362,208
49952,27,25,2
49953,1428,915,513
49955,143,109,34
49958,573,319,254
49959,180,108,72
49960,106,67,39
49961,65,42,23
49962,131,58,73
49963,343,170,173
49964,478,279,199
49965,187,124,63
49967,221,134,87
49968,1076,671,405
49969,558,385,173
49970,143,108,35
49971,287,191,96
50001,258,198,60
50002,552,338,214
50003,2226,1620,606
50005,322,263,59
50006,765,533,232
50007,141,137,4
50008,366,268,98
50009,4461,3322,1139
50010,10734,6144,4590
50014,8845,4020,4825
50020,626,420,206
50021,11713,8522,3191
50022,3676,2461,1215
50025,1534,1057,477
50026,265,182,83
50027,149,109,40
50028,625,440,185
50029,295,193,102
50032,188,126,62
50033,21,10,11
50034,181,157,24
50035,1075,867,208
50036,6672,4478,2194
50038,151,99,52
50039,157,98,59
50040,98,66,32
50041,50,42,8
50042,148,114,34
50044,447,312,135
50046,508,366,142
50047,1905,1429,476
50048,403,299,104
50049,2781,1849,932
50050,349,252,97
50051,132,84,48
50052,76,48,28
50054,1379,1002,377
50055,373,267,106
50056,575,413,162
50057,80,64,16
50058,824,563,261
50059,8,8,0
50060,1130,761,369
50061,427,358,69
50062,655,465,190
50063,900,714,186
50064,49,36,13
50065,233,169,64
50066,130,76,54
50067,131,81,50
50068,132,94,38
50069,339,272,67
50070,619,440,179
50071,528,335,193
50072,934,665,269
50073,315,215,100
50074,210,156,54
50075,331,227,104
50076,630,404,226
50078,52,32,20
50101,24,18,6
50102,47,37,10
50103,202,136,66
50104,88,59,29
50105,368,299,69
50106,458,315,143
50107,485,342,143
50108,228,150,78
50109,677,518,159
50110,34,26,8
50111,2105,1625,480
50112,4363,2754,1609
50115,1137,808,329
50116,80,59,21
50117,110,94,16
50118,341,273,68
50119,169,135,34
50120,119,96,23
50122,594,433,161
50123,402,261,141
50124,1077,764,313
50125,6282,4601,1681
50126,2871,1821,1050
50128,159,99,60
50129,2332,1575,757
50130,663,493,170
50131,3365,2455,910
50132,176,136,40
50133,300,186,114
50134,243,200,43
50135,682,512,170
50136,235,160,75
50137,24,21,3
50138,4692,3201,1491
50139,464,354,110
50140,1043,606,437
50141,257,195,62
50142,356,274,82
50143,245,210,35
50144,1171,801,370
50145,11,0,11
50146,199,156,43
50147,200,124,76
50148,165,119,46
50149,391,276,115
50150,411,311,100
50151,283,215,68
50152,7,7,0
50153,267,207,60
50154,180,146,34
50155,117,86,31
50156,1587,1195,392
50157,323,239,84
50158,11790,7928,3862
50160,131,93,38
50161,776,599,177
50162,462,342,120
50164,280,217,63
50165,20,9,11
50166,528,400,128
50167,326,247,79
50168,289,208,81
50169,993,712,281
50170,1056,775,281
50171,1161,837,324
50173,287,213,74
50174,545,414,131
50201,3191,2151,1040
50206,230,163,67
50207,964,729,235
50208,8344,5575,2769
50210,600,446,154
50211,3108,2551,557
50212,1296,927,369
50213,2667,1826,841
50214,319,236,83
50216,1142,817,325
50217,256,181,75
50218,62,36,26
50219,4462,3273,1189
50220,3273,2314,959
50222,180,143,37
50223,163,109,54
50225,1033,754,279
50226,1191,924,267
50227,8,4,4
50228,815,599,216
50229,296,248,48
50230,450,344,106
50231,71,43,28
50232,187,146,41
50233,578,406,172
50234,192,113,79
50235,204,159,45
50236,600,459,141
50237,883,759,124
50238,509,356,153
50239,110,88,22
50240,790,614,176
50241,3,0,3
50242,194,135,59
50243,92,80,12
50244,667,470,197
50246,304,234,70
50247,870,626,244
50248,1694,1117,577
50249,527,344,183
50250,950,663,287
50251,512,418,94
50252,120,101,19
50254,170,132,38
50256,190,151,39
50257,326,266,60
50258,370,263,107
50261,596,475,121
50262,196,143,53
50263,2362,1849,513
50264,177,133,44
50265,12737,8004,4733
50266,7302,4137,3165
50268,458,296,162
50269,55,39,16
50271,308,231,77
50272,84,61,23
50273,2825,2052,773
50274,203,137,66
50275,216,178,38
50276,937,643,294
50277,206,156,50
50278,330,248,82
50309,2196,509,1687
50310,13350,8117,5233
50311,7548,3972,3576
50312,7744,3819,3925
50313,6733,4417,2316
50314,4466,2607,1859
50315,14477,9381,5096
50316,6104,3948,2156
50317,15811,11189,4622
50320,5821,4178,1643
50321,2968,1912,1056
50322,13357,9200,4157
50323,284,255,29
50325,4840,3737,1103
50401,13172,8126,5046
50420,173,113,60
50421,1406,909,497
50423,1305,878,427
50424,691,497,194
50426,56,30,26
50428,4181,2810,1371
50430,240,174,66
50431,99,65,34
50432,77,43,34
50433,137,95,42
50434,165,127,38
50435,281,213,68
50436,2339,1614,725
50438,1605,1173,432
50439,146,104,42
50440,232,170,62
50441,2369,1589,780
50444,196,139,57
50446,193,146,47
50447,499,345,154
50448,301,229,72
50449,354,279,75
50450,1301,846,455
50451,265,180,85
50452,341,257,84
50453,229,171,58
50454,54,45,9
50455,188,150,38
50456,747,492,255
50457,192,129,63
50458,821,586,235
50459,1324,859,465
50460,133,113,20
50461,2302,1580,722
50464,292,200,92
50465,125,59,66
50466,702,495,207
50468,691,489,202
50469,594,453,141
50470,126,89,37
50471,305,217,88
50472,855,612,243
50473,158,129,29
50475,603,448,155
50476,338,218,120
50477,127,96,31
50478,409,268,141
50479,302,206,96
50480,436,293,143
50482,349,260,89
50483,358,240,118
50484,199,137,62
50501,12031,7576,4455
50510,476,359,117
50511,3070,2112,958
50514,664,454,210
50515,155,108,47
50516,311,231,80
50517,500,333,167
50518,177,127,50
50519,283,189,94
50520,90,61,29
50521,43,24,19
50522,364,261,103
50523,272,213,59
50524,183,140,43
50525,1628,1085,543
50527,113,90,23
50528,192,157,35
50529,335,246,89
50530,502,346,156
50531,115,79,36
50532,421,294,127
50533,1736,1190,546
50535,390,279,111
50536,1909,1179,730
50538,254,183,71
50539,281,191,90
50540,514,355,159
50541,405,288,117
50542,440,294,146
50543,592,412,180
50544,259,152,107
50545,112,101,11
50546,224,172,52
50548,2488,1658,830
50551,61,36,25
50552,42,23,19
50554,848,557,291
50556,145,101,44
50557,325,206,119
50558,277,186,91
50559,159,115,44
50560,278,192,86
50561,248,186,62
50562,211,152,59
50563,1147,808,339
50565,254,164,90
50566,161,130,31
50567,96,83,13
50568,559,406,153
50569,349,247,102
50570,120,94,26
50571,210,134,76
50573,35,22,13
50574,1059,660,399
50575,487,310,177
50576,165,126,39
50577,193,130,63
50578,320,203,117
50579,1066,736,330
50581,475,339,136
50582,122,95,27
50583,1383,865,518
50585,531,336,195
50586,155,131,24
50588,4254,2858,1396
50590,422,263,159
50591,160,85,75
50592,41,26,15
50593,29,25,4
50594,143,105,38
50595,3948,2630,1318
50597,548,374,174
50598,386,261,125
50599,201,134,67
50601,1127,798,329
50602,668,489,179
50603,231,176,55
50604,745,553,192
50605,60,39,21
50606,426,320,106
50607,229,167,62
50609,201,152,49
50611,169,145,24
50612,163,122,41
50613,13849,8437,5412
50616,4391,2919,1472
50619,964,707,257
50621,630,464,166
50622,1106,920,186
50623,50,44,6
50624,540,412,128
50625,450,296,154
50626,580,471,109
50627,1572,1005,567
50628,572,394,178
50629,864,627,237
50630,760,557,203
50631,66,49,17
50632,500,361,139
50633,169,111,58
50634,291,201,90
50635,670,470,200
50636,848,586,262
50638,1354,956,398
50641,697,522,175
50642,205,166,39
50643,1015,800,215
50644,3382,2357,1025
50645,485,338,147
50647,693,540,153
50648,1395,1108,287
50649,15,9,6
50650,325,216,109
50651,1406,1051,355
50652,66,39,27
50653,284,218,66
50654,219,179,40
50655,346,224,122
50658,1020,698,322
50659,2283,1564,719
50660,489,369,120
50662,3180,2115,1065
50665,1190,865,325
50666,385,258,127
50667,82,68,14
50668,480,367,113
50669,1059,766,293
50670,786,584,202
50671,98,94,4
50672,241,163,78
50673,67,59,8
50674,1499,1059,440
50675,1022,701,321
50676,795,577,218
50677,4159,2849,1310
50680,490,325,165
50681,177,117,60
50682,583,409,174
50701,12431,8052,4379
50702,8078,5032,3046
50703,8124,5284,2840
50706,411,302,109
50707,3209,2281,928
50801,3971,2474,1497
50830,727,538,189
50833,1083,725,358
50835,55,52,3
50836,234,149,85
50837,196,121,75
50840,278,190,88
50841,1329,837,492
50843,284,193,91
50845,337,241,96
50846,533,356,177
50847,51,29,22
50848,186,144,42
50849,1241,876,365
50851,860,574,286
50853,336,241,95
50854,934,619,315
50857,178,130,48
50858,349,263,86
50859,190,146,44
50860,122,88,34
50861,129,97,32
50862,67,51,16
50863,142,92,50
50864,920,620,300
51001,930,630,300
51002,1150,808,342
51003,608,438,170
51004,498,337,161
51005,641,485,156
51006,486,311,175
51007,232,177,55
51008,47,37,10
51010,219,146,73
51011,42,23,19
51012,2860,1779,1081
51014,312,249,63
51016,564,400,164
51018,212,163,49
51019,367,265,102
51020,282,212,70
51022,297,216,81
51023,1232,827,405
51024,726,603,123
51025,858,596,262
51026,360,259,101
51027,470,391,79
51028,816,585,231
51029,115,81,34
51030,569,477,92
51031,4530,3225,1305
51033,231,163,68
51034,863,565,298
51035,707,492,215
51036,207,187,20
51037,204,158,46
51038,569,453,116
51039,943,707,236
51040,1548,956,592
51041,2001,1535,466
51044,106,81,25
51045,30,20,10
51046,912,623,289
51047,341,232,109
51048,242,178,64
51049,264,179,85
51050,1060,767,293
51051,38,18,20
51052,444,336,108
51053,512,368,144
51054,1396,1140,256
51055,551,361,190
51056,203,168,35
51058,437,286,151
51059,123,106,17
51060,280,197,83
51061,216,138,78
51062,265,181,84
51063,419,291,128
51101,355,76,279
51103,6247,4341,1906
51104,8645,5659,2986
51105,4350,2741,1609
51106,10359,7120,3239
51108,2003,1473,530
51109,1197,776,421
51111,34,34,0
51201,2427,1677,750
51230,142,125,17
51231,88,76,12
51232,368,277,91
51234,454,358,96
51235,357,290,67
51237,747,519,228
51238,419,325,94
51239,1027,834,193
51240,610,448,162
51241,625,506,119
51242,83,50,33
51243,342,259,83
51244,12,12,0
51245,521,344,177
51246,1485,1061,424
51247,1602,1179,423
51248,726,532,194
51249,1502,1028,474
51250,2197,1678,519
51301,5465,3579,1886
51331,500,291,209
51333,209,176,33
51334,3233,2118,1115
51338,446,330,116
51341,16,13,3
51342,532,337,195
51343,116,82,34
51344,36,31,5
51345,181,138,43
51346,1109,781,328
51347,588,414,174
51349,27,16,11
51350,196,125,71
51351,1786,1224,562
51354,428,300,128
51355,463,238,225
51357,287,195,92
51358,588,390,198
51360,3350,2295,1055
51363,68,43,25
51364,293,201,92
51365,157,119,38
51366,181,140,41
51401,4856,3210,1646
51430,338,254,84
51431,191,134,57
51433,289,216,73
51436,369,248,121
51439,471,327,144
51440,158,108,50
51441,166,130,36
51442,3250,2254,996
51443,718,483,235
51444,102,70,32
51445,1301,854,447
51446,250,175,75
51447,102,85,17
51448,287,173,114
51449,936,615,321
51450,804,521,283
51451,59,32,27
51452,74,53,21
51453,350,219,131
51454,571,426,145
51455,983,655,328
51458,689,452,237
51459,9,4,5
51461,492,343,149
51462,521,352,169
51463,257,182,75
51465,330,242,88
51466,404,293,111
51467,235,179,56
51501,13313,8847,4466
51502,8,8,0
51503,13157,9280,3877
51510,1224,918,306
51520,107,85,22
51521,867,635,232
51523,151,105,46
51525,446,351,95
51526,630,527,103
51527,249,214,35
51528,450,300,150
51529,726,493,233
51530,373,249,124
51531,364,263,101
51532,306,245,61
51533,410,308,102
51534,2979,2252,727
51535,856,620,236
51536,212,172,40
51537,2790,1978,812
51540,208,158,50
51541,150,98,52
51542,357,266,91
51543,171,117,54
51544,305,208,97
51545,200,145,55
51546,1084,792,292
51548,191,142,49
51549,211,136,75
51550,24,10,14
51551,693,502,191
51552,121,94,27
51553,346,273,73
51554,83,53,30
51555,2143,1509,634
51556,198,127,71
51557,367,277,90
51558,282,191,91
51559,633,488,145
51560,811,566,245
51561,564,428,136
51562,185,135,50
51563,302,249,53
51564,238,150,88
51565,218,162,56
51566,3197,2109,1088
51570,440,314,126
51571,252,196,56
51572,222,139,83
51573,474,334,140
51574,6,4,2
51575,237,170,67
51576,547,432,115
51577,515,380,135
51578,51,30,21
51579,948,672,276
51601,2740,1766,974
51630,102,65,37
51631,232,163,69
51632,2598,1720,878
51636,211,150,61
51637,123,102,21
51638,631,461,170
51639,333,231,102
51640,774,537,237
51645,115,83,32
51646,339,238,101
51647,138,104,34
51648,116,85,31
51649,128,100,28
51650,161,98,63
51652,789,553,236
51653,552,384,168
51654,203,143,60
52001,17416,10692,6724
52002,4182,3173,1009
52003,4923,3674,1249
52030,149,115,34
52031,1717,1256,461
52032,511,348,163
52033,1135,821,314
52035,430,319,111
52036,76,55,21
52037,459,351,108
52038,198,163,35
52039,384,312,72
52040,1983,1502,481
52041,594,471,123
52042,621,457,164
52043,977,667,310
52044,81,48,33
52045,723,594,129
52046,731,577,154
52047,315,229,86
52048,171,134,37
52049,567,394,173
52050,217,183,34
52052,1295,901,394
52053,377,299,78
52054,355,278,77
52056,98,74,24
52057,3149,2169,980
52060,3631,2402,1229
52064,372,271,101
52065,383,304,79
52066,22,13,9
52068,922,818,104
52069,623,415,208
52070,522,351,171
52071,49,40,9
52072,116,101,15
52073,518,429,89
52074,109,82,27
52075,57,52,5
52076,876,647,229
52077,176,121,55
52078,302,261,41
52079,282,207,75
52101,4887,3200,1687
52132,737,459,278
52133,254,196,58
52134,157,108,49
52135,394,276,118
52136,2447,1633,814
52140,211,165,46
52141,610,402,208
52142,606,406,200
52144,559,416,143
52146,359,262,97
52147,490,357,133
52151,922,632,290
52154,437,330,107
52155,540,391,149
52156,278,188,90
52157,777,505,272
52158,133,64,69
52159,966,678,288
52160,351,242,109
52161,519,376,143
52162,1257,914,343
52163,159,77,82
52164,95,76,19
52165,350,239,111
52166,14,7,7
52168,162,115,47
52169,170,121,49
52170,200,165,35
52171,494,346,148
52172,2505,1648,857
52175,1516,986,530
52201,431,343,88
52202,367,298,69
52203,675,492,183
52205,2780,1903,877
52206,568,456,112
52207,177,135,42
52208,1457,999,458
52209,457,342,115
52210,276,204,72
52211,1081,712,369
52212,130,92,38
52213,1444,1118,326
52214,1339,1003,336
52215,333,257,76
52216,605,443,162
52217,251,147,104
52218,661,491,170
52219,39,27,12
52220,27,19,8
52221,92,55,37
52222,294,228,66
52223,537,418,119
52224,772,585,187
52225,156,137,19
52226,40,27,13
52227,655,498,157
52228,562,470,92
52229,285,211,74
52231,137,106,31
52232,96,66,30
52233,2720,1545,1175
52235,5,3,2
52236,176,129,47
52237,605,472,133
52240,12729,6171,6558
52241,6522,3386,3136
52242,0,0,0
52245,7280,3822,3458
52246,8773,4053,4720
52247,1884,1346,538
52248,741,513,228
52249,398,290,108
52251,234,161,73
52253,1038,816,222
52254,393,284,109
52255,498,341,157
52257,70,60,10
52301,1723,1158,565
52302,11051,7717,3334
52305,196,159,37
52306,718,516,202
52307,85,44,41
52308,38,21,17
52309,183,138,45
52310,2452,1713,739
52312,35,18,17
52313,171,142,29
52314,1639,1193,446
52315,500,363,137
52316,668,476,192
52317,2643,1695,948
52318,426,334,92
52320,495,357,138
52321,203,143,60
52322,922,693,229
52323,378,243,135
52324,547,393,154
52325,279,198,81
52326,215,153,62
52327,1080,803,277
52328,408,356,52
52329,322,252,70
52330,339,240,99
52332,776,557,219
52333,1864,1507,357
52334,110,79,31
52335,275,188,87
52336,895,648,247
52337,338,225,113
52338,1011,830,181
52339,1524,1087,437
52340,519,303,216
52341,359,291,68
52342,1369,936,433
52345,368,301,67
52346,428,298,130
52347,605,442,163
52348,25,20,5
52349,2960,2081,879
52351,360,326,34
52352,655,526,129
52353,3662,2533,1129
52354,136,108,28
52355,139,104,35
52356,944,659,285
52358,1330,968,362
52359,104,66,38
52361,1561,1083,478
52362,479,336,143
52401,1061,363,698
52402,16442,10114,6328
52403,10152,6622,3530
52404,13414,8299,5115
52405,10274,6849,3425
52411,1826,1620,206
52501,12603,8263,4340
52530,423,288,135
52531,2400,1591,809
52533,476,348,128
52534,105,64,41
52535,512,359,153
52536,406,271,135
52537,2527,1771,756
52540,618,423,195
52542,178,109,69
52543,111,95,16
52544,3564,2305,1259
52548,17,15,2
52549,299,207,92
52550,280,170,110
52551,75,61,14
52552,354,245,109
52553,744,508,236
52554,562,371,191
52555,152,113,39
52556,5178,3239,1939
52560,244,191,53
52561,383,278,105
52562,29,20,9
52563,622,466,156
52565,838,574,264
52566,56,42,14
52567,240,173,67
52568,36,26,10
52569,222,167,55
52570,346,263,83
52571,615,444,171
52572,494,340,154
52573,94,71,23
52574,394,256,138
52576,253,185,68
52577,6022,4005,2017
52580,184,117,67
52581,150,104,46
52583,199,141,58
52584,187,151,36
52585,411,295,116
52586,249,191,58
52588,191,113,78
52590,460,314,146
52591,1257,868,389
52593,64,53,11
52594,122,98,24
52595,134,95,39
52601,12730,8380,4350
52619,313,214,99
52620,308,220,88
52621,274,203,71
52623,700,554,146
52624,98,65,33
52625,1021,766,255
52626,572,365,207
52627,5589,3677,1912
52630,325,254,71
52631,32,26,6
52632,5621,3702,1919
52635,282,224,58
52637,985,690,295
52638,282,226,56
52639,872,656,216
52640,574,428,146
52641,4484,3018,1466
52644,175,148,27
52645,1226,903,323
52646,308,242,66
52647,94,65,29
52649,413,264,149
52650,312,229,83
52651,147,102,45
52652,47,27,20
52653,1429,1100,329
52654,620,482,138
52655,2002,1330,672
52656,1019,725,294
52658,440,343,97
52659,590,405,185
52660,105,68,37
52701,50,29,21
52720,460,317,143
52721,331,257,74
52722,13364,9476,3888
52726,1587,1317,270
52727,167,126,41
52728,324,231,93
52729,354,265,89
52730,1999,1375,624
52731,354,277,77
52732,12006,7913,4093
52737,67,49,18
52738,1403,1010,393
52739,271,201,70
52742,2868,2012,856
52745,245,199,46
52746,367,291,76
52747,743,530,213
52748,2493,1982,511
52749,275,243,32
52750,212,161,51
52751,416,330,86
52752,202,136,66
52753,1621,1224,397
52754,524,423,101
52755,697,500,197
52756,758,606,152
52757,111,81,30
52758,45,30,15
52760,218,173,45
52761,11617,8174,3443
52765,168,144,24
52766,349,225,124
52767,76,53,23
52768,556,416,140
52769,270,210,60
52772,1976,1406,570
52773,912,693,219
52774,44,36,8
52776,1508,1124,384
52777,534,383,151
52778,1518,1133,385
52801,593,52,541
52802,4363,2860,1503
52803,9635,5700,3935
52804,10565,7266,3299
52806,9954,7025,2929
52807,4819,2605,2214
53001,715,559,156
53002,806,646,160
53003,80,66,14
53004,988,746,242
53005,7382,5979,1403
53006,624,476,148
53007,924,478,446
53010,2699,2023,676
53011,734,551,183
53012,6650,5089,1561
53013,1109,852,257
53014,2956,2094,862
53015,967,753,214
53016,44,30,14
53017,1619,1393,226
53018,2680,2197,483
53019,639,498,141
53020,1410,1091,319
53021,1428,1150,278
53022,6694,4981,1713
53023,507,388,119
53024,5611,4148,1463
53027,7218,5327,1891
53029,6330,4977,1353
53032,1925,1438,487
53033,1896,1657,239
53034,734,503,231
53035,744,549,195
53036,725,582,143
53037,2698,1980,718
53038,1096,783,313
53039,1692,1219,473
53040,2480,1934,546
53042,2509,1818,691
53044,716,545,171
53045,7832,6121,1711
53046,485,320,165
53047,24,17,7
53048,1225,910,315
53049,915,715,200
53050,2615,1863,752
53051,12784,9296,3488
53057,560,436,124
53058,1396,1031,365
53059,653,534,119
53061,2027,1412,615
53063,567,458,109
53065,773,598,175
53066,10579,7921,2658
53069,295,191,104
53070,1683,1357,326
53072,8496,5765,2731
53073,5277,3685,1592
53074,4760,3270,1490
53075,1263,949,314
53076,1011,867,144
53078,636,528,108
53079,534,421,113
53080,2200,1620,580
53081,17683,11018,6665
53083,7697,5576,2121
53085,4039,2899,1140
53086,2705,2041,664
53088,95,66,29
53089,5819,4598,1221
53090,7239,5510,1729
53091,737,573,164
53092,7842,6075,1767
53093,709,560,149
53094,6224,4441,1783
53095,9827,6801,3026
53097,1728,1390,338
53098,4308,3153,1155
53103,1350,1152,198
53104,1896,1438,458
53105,10199,7589,2610
53108,1198,963,235
53110,7926,4901,3025
53114,830,658,172
53115,5725,3919,1806
53118,2493,1925,568
53119,1753,1442,311
53120,3257,2508,749
53121,5714,4072,1642
53122,2506,1829,677
53125,893,627,266
53126,2168,1818,350
53128,2445,1806,639
53129,5920,4181,1739
53130,3187,2091,1096
53132,10512,7743,2769
53137,481,396,85
53139,1003,730,273
53140,11016,6762,4254
53142,10894,7801,3093
53143,9193,6093,3100
53144,8671,5675,2996
53146,2702,2168,534
53147,6141,3965,2176
53148,109,80,29
53149,5953,4875,1078
53150,7673,6213,1460
53151,11775,8787,2988
53153,726,610,116
53154,11231,7552,3679
53156,1148,830,318
53158,3926,3104,822
53167,56,25,31
53168,2975,2209,766
53170,769,556,213
53172,8623,5627,2996
53176,49,40,9
53177,2287,1641,646
53178,1144,839,305
53179,1766,1354,412
53181,2482,1780,702
53182,2818,2061,757
53183,900,788,112
53184,1293,948,345
53185,6042,4802,1240
53186,13565,8369,5196
53188,13012,8822,4190
53189,7332,6098,1234
53190,5866,3085,2781
53191,944,653,291
53192,16,8,8
53195,12,8,4
53202,13768,2212,11556
53203,237,58,179
53204,12278,8436,3842
53205,3724,2277,1447
53206,10770,7660,3110
53207,16285,9282,7003
53208,12841,7394,5447
53209,19179,12639,6540
53210,10551,7279,3272
53211,15979,6818,9161
53212,11782,6539,5243
53213,11175,6628,4547
53214,15828,8666,7162
53215,19439,12619,6820
53216,12839,8485,4354
53217,11726,8222,3504
53218,14414,10382,4032
53219,15707,8896,6811
53220,11162,6617,4545
53221,15371,9439,5932
53222,11344,6685,4659
53223,12382,7538,4844
53224,7144,4855,2289
53225,10163,6735,3428
53226,8394,4828,3566
53227,10975,6063,4912
53228,5907,3884,2023
53233,5110,1262,3848
53235,4110,2192,1918
53402,12708,9198,3510
53403,10549,6696,3853
53404,5687,3939,1748
53405,10242,7076,3166
53406,9355,6254,3101
53502,868,626,242
53503,655,489,166
53504,789,541,248
53505,140,99,41
53506,482,325,157
53507,733,554,179
53508,1591,1204,387
53510,518,367,151
53511,17932,12483,5449
53515,799,605,194
53516,699,508,191
53517,616,468,148
53518,556,380,176
53520,2481,1874,607
53521,1089,862,227
53522,407,312,95
53523,1833,1285,548
53525,1424,1030,394
53526,231,159,72
53527,2743,2264,479
53528,1922,1446,476
53529,608,464,144
53530,1707,1188,519
53531,1343,1007,336
53532,4051,3178,873
53533,2593,1812,781
53534,4332,3014,1318
53536,2683,1909,774
53537,130,93,37
53538,6914,4741,2173
53540,60,36,24
53541,388,292,96
53543,621,452,169
53544,325,230,95
53545,16826,10914,5912
53546,10738,7691,3047
53549,3817,2606,1211
53550,432,357,75
53551,2816,1985,831
53553,247,175,72
53554,399,284,115
53555,3051,2271,780
53556,1115,750,365
53557,175,119,56
53558,3361,2548,813
53559,2016,1531,485
53560,1355,1031,324
53561,650,457,193
53562,8386,4955,3431
53563,3516,2624,892
53565,1777,1232,545
53566,6097,3960,2137
53569,413,304,109
53570,895,640,255
53571,71,53,18
53572,3134,2273,861
53573,1284,882,402
53574,1273,903,370
53575,4766,3717,1049
53576,791,618,173
53577,569,406,163
53578,1941,1383,558
53579,736,522,214
53580,222,152,70
53581,4153,2725,1428
53582,445,305,140
53583,2048,1416,632
53585,782,584,198
53586,883,605,278
53587,505,362,143
53588,1445,1059,386
53589,7334,5249,2085
53590,9806,7036,2770
53593,4589,3530,1059
53594,1858,1379,479
53597,4837,3666,1171
53598,840,640,200
53703,12663,1541,11122
53704,19731,9941,9790
53705,13383,6912,6471
53706,13,13,0
53711,17195,10870,6325
53713,9959,4791,5168
53714,6997,4186,2811
53715,4509,1046,3463
53716,8167,5281,2886
53717,4879,2770,2109
53718,1580,1054,526
53719,8053,4459,3594
53801,321,234,87
53803,454,302,152
53804,630,463,167
53805,2061,1438,623
53806,831,569,262
53807,1860,1421,439
53808,249,177,72
53809,1535,1060,475
53810,219,160,59
53811,1149,853,296
53813,2412,1651,761
53816,253,180,73
53817,16,14,2
53818,4524,2672,1852
53820,1153,853,300
53821,3274,2163,1111
53825,150,114,36
53826,643,457,186
53827,109,93,16
53901,5367,3438,1929
53910,1444,912,532
53911,390,297,93
53913,7267,4744,2523
53916,8566,5710,2856
53919,931,759,172
53920,208,140,68
53922,410,330,80
53923,761,582,179
53924,539,392,147
53925,2901,2030,871
53926,455,341,114
53928,15,9,6
53929,1111,779,332
53930,449,353,96
53931,109,86,23
53932,747,553,194
53933,1146,762,384
53934,1798,1229,569
53935,59,49,10
53936,583,405,178
53937,314,246,68
53939,72,49,23
53940,11,8,3
53941,1003,792,211
53943,395,303,92
53944,793,539,254
53946,1753,1246,507
53947,56,42,14
53948,3104,2087,1017
53949,2465,1665,800
53950,1745,1249,496
53951,874,637,237
53952,1218,833,385
53953,76,57,19
53954,2460,1800,660
53955,2185,1556,629
53956,1230,903,327
53959,4445,3040,1405
53960,1191,888,303
53961,310,233,77
53962,20,13,7
53963,4200,2973,1227
53964,1235,849,386
53965,3651,2468,1183
53968,946,654,292
53969,59,32,27
54001,3164,2251,913
54002,1815,1309,506
54003,372,310,62
54004,853,599,254
54005,1089,783,306
54006,300,222,78
54007,436,337,99
54009,810,581,229
54011,2308,1673,635
54012,264,216,48
54013,892,657,235
54014,817,622,195
54015,701,534,167
54016,8334,6273,2061
54017,4563,3137,1426
54020,2344,1728,616
54021,1991,1464,527
54022,6547,4164,2383
54023,960,717,243
54024,1777,1184,593
54025,1650,1207,443
54026,565,416,149
54027,332,269,63
54028,784,561,223
54082,540,429,111
54101,821,642,179
54102,434,275,159
54103,265,168,97
54104,525,384,141
54106,1612,1235,377
54107,1374,1013,361
54110,1907,1408,499
54111,841,642,199
54112,956,675,281
54113,908,739,169
54114,2181,1497,684
54115,11218,7898,3320
54119,254,173,81
54120,146,102,44
54121,1352,905,447
54123,76,61,15
54124,1450,1028,422
54125,312,206,106
54126,1222,1009,213
54127,14,11,3
54128,662,472,190
54129,1298,985,313
54130,7877,5801,2076
54135,1040,818,222
54136,2373,1622,751
54137,427,318,109
54138,409,286,123
54139,1201,867,334
54140,3222,2294,928
54141,741,581,160
54143,6746,4335,2411
54149,591,416,175
54150,259,211,48
54151,1606,1099,507
54152,103,61,42
54153,2836,2004,832
54154,2024,1365,659
54155,1340,1106,234
54156,771,538,233
54157,2096,1470,626
54159,548,418,130
54160,16,12,4
54161,1089,782,307
54162,2587,1975,612
54165,2574,1926,648
54166,6714,4457,2257
54169,584,485,99
54170,1365,1038,327
54171,995,815,180
54173,1203,986,217
54174,1243,872,371
54175,457,337,120
54177,1334,925,409
54180,703,535,168
54201,2354,1563,791
54202,608,410,198
54204,657,495,162
54205,789,645,144
54207,49,33,16
54208,2115,1599,516
54209,468,338,130
54210,455,328,127
54211,88,65,23
54212,518,355,163
54213,463,352,111
54214,52,39,13
54215,11,9,2
54216,2315,1656,659
54217,2273,1778,495
54220,16660,10778,5882
54227,554,449,105
54228,1058,783,275
54229,1256,1037,219
54230,1694,1309,385
54232,168,111,57
54234,786,461,325
54235,7296,4855,2441
54240,9,7,2
54241,6459,4420,2039
54245,954,710,244
54246,281,191,90
54247,894,696,198
54301,9739,5961,3778
54302,12748,7141,5607
54303,12088,6601,5487
54304,12755,7977,4778
54311,9535,6881,2654
54313,11005,9013,1992
54401,11977,8080,3897
54403,9628,6217,3411
54405,1092,745,347
54406,1266,953,313
54407,665,509,156
54408,479,375,104
54409,5497,3707,1790
54410,738,576,162
54411,1752,1423,329
54412,807,624,183
54413,84,57,27
54414,1243,960,283
54416,601,445,156
54417,29,18,11
54418,458,361,97
54420,418,337,81
54421,1169,866,303
54422,362,295,67
54423,722,562,160
54424,696,541,155
54425,701,533,168
54426,1448,1134,314
54427,400,282,118
54428,552,352,200
54430,44,38,6
54433,699,488,211
54435,893,646,247
54436,726,564,162
54437,1099,834,265
54440,1046,805,241
54441,281,229,52
54442,353,267,86
54443,840,650,190
54446,1047,786,261
54447,207,148,59
54448,1431,1106,325
54449,10637,6887,3750
54451,4411,3099,1312
54452,7586,5423,2163
54454,444,326,118
54455,5865,4491,1374
54456,2519,1703,816
54457,3434,2548,886
54459,517,381,136
54460,882,639,243
54462,168,121,47
54463,269,187,82
54465,339,247,92
54466,1084,818,266
54467,4540,3310,1230
54469,695,510,185
54470,774,532,242
54471,542,461,81
54473,884,703,181
54474,1450,1063,387
54475,589,464,125
54476,5851,4071,1780
54479,1372,1020,352
54480,449,348,101
54481,13939,8326,5613
54484,1633,1269,364
54485,139,96,43
54486,988,668,320
54487,4150,2909,1241
54488,409,321,88
54489,577,422,155
54490,277,196,81
54491,714,478,236
54493,304,204,100
54494,10959,7718,3241
54495,3264,2134,1130
54498,780,598,182
54499,1150,796,354
54501,8123,5521,2602
54511,619,454,165
54512,416,262,154
54513,248,159,89
54514,831,577,254
54515,242,161,81
54517,70,50,20
54519,432,289,143
54520,1640,1097,543
54521,3386,2322,1064
54524,290,189,101
54525,121,71,50
54526,333,234,99
54527,544,382,162
54529,437,329,108
54530,319,236,83
54531,632,516,116
54534,1272,756,516
54536,110,71,39
54537,225,176,49
54538,924,690,234
54539,661,458,203
54540,451,301,150
54541,592,407,185
54542,254,164,90
54543,15,12,3
54545,408,292,116
54546,620,403,217
54547,849,534,315
54548,2406,1600,806
54550,326,209,117
54552,2098,1358,740
54554,531,387,144
54555,2280,1524,756
54556,566,365,201
54557,406,294,112
54558,867,625,242
54559,277,227,50
54560,290,185,105
54561,46,38,8
54562,902,589,313
54563,281,216,65
54564,192,115,77
54565,23,9,14
54566,649,469,180
54568,2094,1387,707
54601,19248,10059,9189
54603,6322,3711,2611
54610,750,530,220
54611,447,317,130
54612,1785,1173,612
54613,789,547,242
54614,921,722,199
54615,3720,2459,1261
54616,962,651,311
54618,846,625,221
54619,1319,1009,310
54621,378,276,102
54622,986,698,288
54623,590,431,159
54624,614,441,173
54625,109,81,28
54626,353,260,93
54627,771,534,237
54628,483,344,139
54629,1056,720,336
54630,1404,950,454
54631,696,477,219
54632,476,345,131
54634,1406,1009,397
54635,635,469,166
54636,3578,2880,698
54637,19,6,13
54638,558,420,138
54639,818,583,235
54640,33,22,11
54642,709,516,193
54644,458,341,117
54645,26,13,13
54646,1388,999,389
54648,553,422,131
54650,7784,5542,2242
54651,448,296,152
54652,338,222,116
54653,327,247,80
54654,102,92,10
54655,673,495,178
54656,6088,4217,1871
54657,151,124,27
54658,1057,788,269
54659,444,342,102
54660,5540,3772,1768
54661,1147,785,362
54664,620,441,179
54665,3284,2108,1176
54666,974,730,244
54667,1437,1037,400
54669,2742,2124,618
54670,510,394,116
54701,13575,8099,5476
54703,15452,9476,5976
54720,3030,1903,1127
54721,544,385,159
54722,1395,1014,381
54723,463,337,126
54724,2630,1883,747
54725,1087,791,296
54726,645,478,167
54727,1652,1262,390
54728,2417,1716,701
54729,11046,7489,3557
54730,1784,1327,457
54731,275,196,79
54732,1086,767,319
54733,498,372,126
54734,304,225,79
54736,1518,1062,456
54737,168,126,42
54738,1041,784,257
54739,1381,1136,245
54740,809,568,241
54741,544,387,157
54742,1504,1183,321
54745,856,614,242
54746,253,189,64
54747,1007,622,385
54748,461,360,101
54749,382,272,110
54750,385,304,81
54751,8254,4853,3401
54754,599,386,213
54755,2709,1908,801
54756,420,279,141
54757,1153,819,334
54758,1736,1233,503
54759,644,437,207
54760,21,4,17
54761,436,309,127
54762,492,350,142
54763,410,282,128
54766,537,392,145
54767,1015,731,284
54768,1543,1052,491
54769,142,97,45
54770,790,566,224
54771,1416,994,422
54772,381,259,122
54773,1351,922,429
54801,2705,1825,880
54805,574,411,163
54806,4620,2882,1738
54810,1047,704,343
54812,2129,1470,659
54813,247,187,60
54814,954,676,278
54817,891,637,254
54819,1120,759,361
54820,320,223,97
54821,653,423,230
54822,1541,1123,418
54824,835,600,235
54826,329,243,86
54827,104,62,42
54828,315,226,89
54829,2185,1522,663
54830,1298,874,424
54832,183,128,55
54834,10,10,0
54835,411,286,125
54836,426,330,96
54837,1632,1098,534
54838,466,296,170
54839,135,73,62
54840,1796,1221,575
54841,10,4,6
54842,0,0,0
54843,4376,3032,1344
54844,85,50,35
54845,42,28,14
54846,196,152,44
54847,915,610,305
54848,2611,1718,893
54849,794,592,202
54850,122,73,49
54853,1487,1069,418
54854,363,265,98
54855,259,187,72
54856,597,447,150
54857,53,31,22
54858,633,380,253
54859,836,574,262
54861,110,76,34
54862,105,87,18
54864,469,340,129
54865,248,165,83
54867,219,117,102
54868,6287,4249,2038
54870,687,498,189
54871,1152,812,340
54872,1169,750,419
54873,1049,740,309
54874,1212,958,254
54875,440,332,108
54876,666,452,214
54880,12853,7704,5149
54888,573,414,159
54889,1098,761,337
54891,1480,990,490
54893,1611,1074,537
54895,469,330,139
54896,671,458,213
54901,12975,7021,5954
54902,9840,6017,3823
54904,6812,5180,1632
54909,819,594,225
54911,11099,6775,4324
54913,3411,2800,611
54914,12662,7958,4704
54915,14034,10099,3935
54921,488,357,131
54922,549,435,114
54923,3372,2418,954
54927,125,104,21
54928,146,114,32
54929,3672,2569,1103
54930,644,478,166
54932,331,283,48
54933,67,56,11
54934,41,24,17
54935,18639,12283,6356
54937,3836,2682,1154
54940,1647,1258,389
54941,1265,826,439
54942,1612,1348,264
54943,770,544,226
54944,2607,2121,486
54945,1422,980,442
54947,971,727,244
54948,136,101,35
54949,1339,982,357
54950,1184,814,370
54952,9523,6076,3447
54956,14662,10472,4190
54960,1151,830,321
54961,5264,3744,1520
54962,437,323,114
54963,2378,1752,626
54964,361,295,66
54965,499,372,127
54966,771,559,212
54967,150,101,49
54968,1216,813,403
54970,1186,810,376
54971,4045,2658,1387
54974,548,437,111
54976,17,15,2
54977,481,355,126
54978,15,15,0
54979,477,380,97
54980,69,42,27
54981,5745,3973,1772
54982,2830,1887,943
54983,1654,1193,461
54984,1313,914,399
54985,0,0,0
54986,1753,1333,420
55001,931,779,152
55003,764,489,275
55005,1272,1083,189
55006,1244,898,346
55007,780,600,180
55008,4566,3257,1309
55009,2967,2165,802
55010,10,8,2
55011,2876,2345,531
55012,513,426,87
55013,1829,1244,585
55014,8269,6641,1628
55016,9711,8374,1337
55017,249,195,54
55018,313,261,52
55019,382,286,96
55020,783,670,113
55021,9839,6804,3035
55024,7030,5759,1271
55025,7234,5485,1749
55026,151,104,47
55027,941,697,244
55030,436,337,99
55031,589,490,99
55032,1063,829,234
55033,9183,6898,2285
55036,64,44,20
55037,1716,1194,522
55038,3557,2965,592
55040,3218,2523,695
55041,2980,2132,848
55042,2551,2150,401
55043,1509,1156,353
55044,11029,9440,1589
55045,1967,1492,475
55046,1025,788,237
55047,943,739,204
55049,820,602,218
55051,3592,2524,1068
55052,761,589,172
55053,241,199,42
55055,1433,999,434
55056,3826,2996,830
55057,6555,4666,1889
55060,10057,7057,3000
55063,3148,2174,974
55065,323,248,75
55066,7374,4871,2503
55068,6650,5556,1094
55069,1634,1182,452
55070,1887,1483,404
55071,1920,1405,515
55072,1220,818,402
55073,963,807,156
55074,294,237,57
55075,8085,5342,2743
55076,6965,5072,1893
55077,4087,2665,1422
55079,2388,1965,423
55080,799,611,188
55082,11085,8426,2659
55084,541,383,158
55085,90,61,29
55087,82,73,9
55088,547,461,86
55089,599,477,122
55090,157,111,46
55092,3176,2638,538
55101,8359,4085,4274
55102,8666,3104,5562
55103,5132,2992,2140
55104,17677,9470,8207
55105,11274,5659,5615
55106,18648,12240,6408
55107,5583,3553,2030
55108,6335,3327,3008
55109,11998,7917,4081
55110,14906,11141,3765
55112,16882,11482,5400
55113,17245,10024,7221
55114,705,254,451
55115,3055,2410,645
55116,10854,5469,5385
55117,15650,9456,6194
55118,11690,7257,4433
55119,15153,9645,5508
55120,1673,1236,437
55121,3353,1850,1503
55122,11432,7286,4146
55123,9064,7314,1750
55124,16684,12753,3931
55125,14472,10911,3561
55126,9914,7016,2898
55127,6401,4754,1647
55128,10498,7304,3194
55129,2219,1790,429
55150,52,23,29
55301,1415,1120,295
55302,2597,1854,743
55303,14999,11250,3749
55304,12222,10626,1596
55305,8794,5002,3792
55306,5751,3838,1913
55307,1415,1011,404
55308,2042,1707,335
55309,4060,3286,774
55310,721,467,254
55311,6625,5571,1054
55312,620,448,172
55313,6312,4768,1544
55314,525,380,145
55315,842,674,168
55316,7479,5986,1493
55317,5877,4630,1247
55318,6742,5053,1689
55319,1491,1216,275
55320,1273,1009,264
55321,1659,1201,458
55322,923,716,207
55324,476,362,114
55325,1542,1160,382
55327,1137,1021,116
55328,2453,1974,479
55329,721,513,208
55330,8888,7062,1826
55331,6436,4914,1522
55332,832,547,285
55333,349,243,106
55334,1153,792,361
55335,695,492,203
55336,3024,2175,849
55337,17864,11898,5966
55338,348,265,83
55339,358,282,76
55340,1886,1594,292
55341,333,275,58
55342,897,619,278
55343,11649,5896,5753
55344,6020,3194,2826
55345,8341,6390,1951
55346,6182,4908,1274
55347,8279,6534,1745
55349,1368,1007,361
55350,6821,4670,2151
55352,2154,1662,492
55353,983,750,233
55354,857,660,197
55355,3725,2545,1180
55356,1715,1299,416
55357,1177,975,202
55358,1652,1197,455
55359,1926,1536,390
55360,506,399,107
55362,4888,3698,1190
55363,1041,736,305
55364,6055,4168,1887
55367,345,256,89
55368,842,595,247
55369,12132,9204,2928
55370,294,221,73
55371,4584,3418,1166
55372,7877,6381,1496
55373,1618,1163,455
55374,2979,2562,417
55375,709,554,155
55376,2447,2034,413
55378,7112,6024,1088
55379,8360,6070,2290
55381,719,537,182
55382,1364,1095,269
55384,728,303,425
55385,535,376,159
55386,1047,877,170
55387,3194,2364,830
55388,1585,1189,396
55389,867,655,212
55390,640,493,147
55391,6186,4440,1746
55395,999,682,317
55396,924,609,315
55397,879,700,179
55398,3397,2700,697
55401,2447,501,1946
55402,106,10,96
55403,10206,1746,8460
55404,11170,3597,7573
55405,7199,2800,4399
55406,15168,7704,7464
55407,13896,7765,6131
55408,14627,4622,10005
55409,8613,4657,3956
55410,8760,4781,3979
55411,9490,6553,2937
55412,8828,5516,3312
55413,5675,2420,3255
55414,9311,2592,6719
55415,555,72,483
55416,13787,6296,7491
55417,10748,6183,4565
55418,13327,7217,6110
55419,7446,4441,3005
55420,9184,5649,3535
55421,11516,6646,4870
55422,11774,7269,4505
55423,15149,8910,6239
55424,3654,2786,868
55425,4001,2203,1798
55426,11454,6315,5139
55427,9805,6264,3541
55428,12183,7686,4497
55429,10504,6593,3911
55430,8039,5199,2840
55431,7878,5227,2651
55432,12419,8126,4293
55433,13056,9335,3721
55434,10109,7493,2616
55435,6361,2487,3874
55436,5472,3600,1872
55437,8077,5188,2889
55438,7304,4682,2622
55439,3521,2671,850
55441,7000,4521,2479
55442,4859,3749,1110
55443,8914,6544,2370
55444,5201,4148,1053
55445,3228,2397,831
55446,4530,3338,1192
55447,8669,6191,2478
55448,9440,7262,2178
55449,3797,3149,648
55450,0,0,0
55454,2874,1089,1785
55455,2,0,2
55601,99,55,44
55602,137,82,55
55603,225,154,71
55604,1569,943,626
55605,250,127,123
55606,126,78,48
55607,63,43,20
55609,127,83,44
55612,214,143,71
55613,91,63,28
55614,1159,802,357
55615,108,75,33
55616,2819,1922,897
55702,150,105,45
55703,284,212,72
55704,511,365,146
55705,1442,990,452
55706,937,664,273
55707,1186,899,287
55708,416,247,169
55709,1746,1285,461
55710,572,454,118
55711,172,125,47
55712,156,107,49
55713,404,246,158
55716,163,100,63
55717,128,107,21
55718,1029,796,233
55719,2588,1632,956
55720,6404,4255,2149
55721,1142,883,259
55722,377,261,116
55723,1089,717,372
55724,316,242,74
55725,47,25,22
55726,354,249,105
55731,2769,1688,1081
55732,603,426,177
55733,1423,1169,254
55734,2830,1828,1002
55735,818,556,262
55736,610,393,217
55738,242,194,48
55741,1361,893,468
55742,191,115,76
55744,8013,5496,2517
55746,7885,4946,2939
55748,528,342,186
55749,135,83,52
55750,926,657,269
55751,678,481,197
55752,174,130,44
55753,476,278,198
55756,132,100,32
55757,330,218,112
55758,71,50,21
55760,1289,839,450
55763,263,168,95
55764,218,137,81
55765,301,209,92
55767,1238,799,439
55768,1206,785,421
55769,942,654,288
55771,763,526,237
55775,585,409,176
55779,1214,935,279
55780,38,35,3
55781,150,117,33
55782,159,104,55
55783,828,598,230
55784,40,30,10
55785,86,62,24
55786,119,78,41
55787,142,89,53
55790,861,585,276
55792,5072,2811,2261
55793,261,202,59
55795,563,366,197
55796,76,42,34
55797,450,355,95
55798,276,197,79
55802,1338,360,978
55803,6282,4656,1626
55804,5513,3932,1581
55805,5314,2176,3138
55806,4350,2132,2218
55807,4483,2721,1762
55808,2428,1569,859
55810,3441,2459,982
55811,8978,5990,2988
55812,3554,1818,1736
55901,16509,10805,5704
55902,7404,4963,2441
55904,9246,6092,3154
55906,6488,4395,2093
55909,584,429,155
55910,599,445,154
55912,11653,7536,4117
55917,1363,1006,357
55918,411,279,132
55919,505,386,119
55920,1940,1594,346
55921,1955,1357,598
55922,357,255,102
55923,1576,1154,422
55924,502,383,119
55925,351,268,83
55926,299,218,81
55927,1206,918,288
55929,342,262,80
55931,125,75,50
55932,646,488,158
55933,80,64,16
55934,1001,783,218
55935,273,206,67
55936,671,448,223
55939,785,544,241
55940,890,657,233
55941,430,288,142
55943,1163,838,325
55944,2630,2015,615
55945,578,417,161
55946,1269,922,347
55947,2784,2071,713
55949,792,532,260
55950,56,44,12
55951,623,414,209
55952,889,674,215
55953,353,267,86
55954,618,407,211
55955,350,267,83
55956,685,516,169
55957,265,177,88
55959,840,665,175
55960,1070,789,281
55961,192,142,50
55962,303,244,59
55963,1460,1147,313
55964,1522,1144,378
55965,923,615,308
55967,286,239,47
55969,505,406,99
55970,319,242,77
55971,1145,784,361
55972,1613,1184,429
55973,120,105,15
55974,927,608,319
55975,1872,1338,534
55976,2552,1838,714
55977,68,61,7
55979,292,242,50
55981,1689,1142,547
55982,178,147,31
55983,543,379,164
55985,783,577,206
55987,13274,7503,5771
55988,77,56,21
55990,380,285,95
55991,534,390,144
55992,1689,1205,484
56001,14717,8046,6671
56003,5099,3490,1609
56007,9032,5832,3200
56009,694,538,156
56010,514,381,133
56011,2111,1556,555
56013,2072,1356,716
56014,348,243,105
56016,415,319,96
56017,615,439,176
56019,376,269,107
56020,63,46,17
56021,350,271,79
56022,59,49,10
56023,241,181,60
56024,802,587,215
56025,183,133,50
56026,719,526,193
56027,475,322,153
56028,391,278,113
56029,307,228,79
56031,5400,3583,1817
56032,132,93,39
56033,168,102,66
56034,254,196,58
56035,201,144,57
56036,855,611,244
56037,609,472,137
56039,401,284,117
56041,474,360,114
56042,296,220,76
56043,200,138,62
56044,721,518,203
56045,306,219,87
56048,1411,1039,372
56050,521,410,111
56051,354,229,125
56052,292,209,83
56054,367,259,108
56055,1468,1057,411
56056,54,25,29
56057,1401,994,407
56058,2294,1654,640
56060,205,156,49
56062,1256,833,423
56063,936,703,233
56064,47,30,17
56065,1032,778,254
56068,445,307,138
56069,1643,1134,509
56071,2998,2291,707
56072,967,686,281
56073,6746,4607,2139
56074,684,515,169
56075,73,55,18
56076,175,144,31
56078,189,140,49
56080,253,195,58
56081,2437,1664,773
56082,3877,2554,1323
56083,403,313,90
56085,2280,1597,683
56087,1299,887,412
56088,848,581,267
56089,101,52,49
56090,254,195,59
56091,161,123,38
56093,4631,3246,1385
56096,1237,895,342
56097,1670,1162,508
56098,1028,693,335
56101,2490,1689,801
56110,732,551,181
56111,192,159,33
56113,130,81,49
56114,166,109,57
56115,555,402,153
56116,269,202,67
56117,145,116,29
56118,159,124,35
56119,435,322,113
56120,493,365,128
56121,292,195,97
56122,244,187,57
56123,300,205,95
56127,199,146,53
56128,762,580,182
56129,327,229,98
56131,959,658,301
56132,224,182,42
56134,147,121,26
56136,451,303,148
56137,496,337,159
56138,310,215,95
56139,218,165,53
56140,52,40,12
56141,154,103,51
56142,520,323,197
56143,2061,1331,730
56144,416,277,139
56145,283,186,97
56147,95,66,29
56149,675,449,226
56150,1148,788,360
56151,363,258,105
56152,668,439,229
56153,114,85,29
56155,189,134,55
56156,2605,1797,808
56157,241,170,71
56158,128,89,39
56159,1142,821,321
56160,115,74,41
56161,187,145,42
56162,109,79,30
56164,2449,1592,857
56165,145,120,25
56166,105,75,30
56167,361,256,105
56168,392,310,82
56169,295,225,70
56170,270,204,66
56171,777,523,254
56172,1299,875,424
56173,161,125,36
56174,191,140,51
56175,1279,810,469
56176,462,311,151
56177,40,32,8
56178,758,537,221
56180,476,330,146
56181,495,332,163
56183,635,429,206
56185,236,152,84
56186,178,114,64
56187,4867,3335,1532
56201,8651,5589,3062
56207,129,109,20
56208,1052,618,434
56209,1002,729,273
56211,280,188,92
56212,284,198,86
56214,315,216,99
56215,2028,1347,681
56216,279,237,42
56218,272,188,84
56219,516,345,171
56220,1400,899,501
56221,386,273,113
56222,865,603,262
56223,626,434,192
56224,149,92,57
56225,307,203,104
56226,92,74,18
56227,92,66,26
56228,404,283,121
56229,680,515,165
56230,367,280,87
56231,175,125,50
56232,1035,680,355
56235,273,194,79
56236,182,136,46
56237,270,185,85
56239,206,153,53
56240,436,284,152
56241,1825,1156,669
56243,683,498,185
56244,494,382,112
56245,196,150,46
56246,143,120,23
56248,391,273,118
56249,155,124,31
56251,346,255,91
56252,495,371,124
56253,445,300,145
56255,178,120,58
56256,1227,813,414
56257,245,150,95
56258,5619,3538,2081
56260,362,267,95
56262,323,224,99
56263,227,173,54
56264,929,651,278
56265,3303,2214,1089
56266,680,465,215
56267,2527,1471,1056
56270,412,283,129
56271,520,366,154
56273,1559,1178,381
56274,88,65,23
56276,123,85,38
56277,1347,856,491
56278,1231,848,383
56279,401,331,70
56280,232,171,61
56281,233,181,52
56282,589,454,135
56283,2878,1837,1041
56284,822,610,212
56285,464,315,149
56287,42,21,21
56288,1934,1385,549
56289,248,193,55
56291,180,120,60
56292,250,179,71
56293,462,344,118
56294,46,30,16
56295,126,87,39
56296,1003,640,363
56297,327,241,86
56301,9874,5726,4148
56303,9597,5854,3743
56304,6161,3283,2878
56307,1434,1063,371
56308,8920,5954,2966
56309,475,350,125
56310,1753,1413,340
56311,274,213,61
56312,976,693,283
56313,22,16,6
56314,379,284,95
56315,604,456,148
56316,540,378,162
56318,424,321,103
56319,438,326,112
56320,2781,2175,606
56323,252,174,78
56324,431,305,126
56325,62,40,22
56326,536,348,188
56327,280,220,60
56328,54,40,14
56329,2160,1651,509
56330,497,394,103
56331,620,508,112
56332,456,333,123
56334,2240,1456,784
56335,74,55,19
56336,665,473,192
56338,595,443,152
56339,441,295,146
56340,751,577,174
56342,1251,831,420
56343,372,237,135
56345,5612,3925,1687
56347,2429,1768,661
56349,269,199,70
56350,145,90,55
56352,1962,1434,528
56353,2746,1943,803
56354,477,346,131
56355,180,142,38
56356,21,4,17
56357,280,220,60
56358,1104,816,288
56359,1290,895,395
56360,1498,1028,470
56361,934,640,294
56362,2118,1576,542
56364,1855,1392,463
56367,1892,1492,400
56368,1395,1088,307
56369,164,110,54
56371,38,29,9
56373,884,680,204
56374,2369,1799,570
56375,276,232,44
56376,63,47,16
56377,4453,3352,1101
56378,2726,1922,804
56379,4778,3269,1509
56381,1100,767,333
56382,531,403,128
56384,155,74,81
56385,364,287,77
56386,389,244,145
56387,3025,1570,1455
56401,10982,7258,3724
56425,1956,1633,323
56431,3586,2462,1124
56433,658,456,202
56434,37,26,11
56435,1045,754,291
56436,109,92,17
56437,467,339,128
56438,1039,738,301
56440,483,316,167
56441,1418,862,556
56442,1015,698,317
56443,611,432,179
56444,1484,1086,398
56446,648,467,181
56447,438,276,162
56448,185,135,50
56449,533,449,84
56450,427,264,163
56452,844,596,248
56453,333,249,84
56455,234,147,87
56456,90,52,38
56458,125,93,32
56461,1011,793,218
56464,1509,1068,441
56465,689,488,201
56466,1107,789,318
56467,950,690,260
56468,1912,1418,494
56469,418,322,96
56470,3965,2703,1262
56472,2143,1483,660
56473,908,695,213
56474,1602,1070,532
56475,547,441,106
56477,1091,783,308
56479,2089,1404,685
56481,791,581,210
56482,2772,1800,972
56484,1390,959,431
56501,6252,4108,2144
56510,993,631,362
56511,642,478,164
56513,66,54,12
56514,1246,896,350
56515,1138,822,316
56516,115,96,19
56517,121,99,22
56518,122,101,21
56519,134,94,40
56520,1653,1098,555
56521,289,223,66
56522,271,212,59
56523,226,150,76
56524,300,225,75
56525,55,45,10
56527,317,227,90
56528,670,479,191
56529,1177,808,369
56531,897,606,291
56533,115,82,33
56534,442,325,117
56535,505,331,174
56536,226,164,62
56537,7618,4945,2673
56540,805,568,237
56542,1163,748,415
56543,114,81,33
56544,1734,1283,451
56545,321,223,98
56546,139,107,32
56547,844,682,162
56548,347,245,102
56549,1498,1138,360
56550,171,118,53
56551,1006,678,328
56552,168,131,37
56553,131,89,42
56554,994,703,291
56556,491,322,169
56557,1088,743,345
56560,12624,7960,4664
56565,46,36,10
56566,111,75,36
56567,1211,878,333
56568,73,45,28
56569,516,357,159
56570,493,381,112
56571,669,511,158
56572,2164,1583,581
56573,2250,1549,701
56574,137,100,37
56575,242,183,59
56576,398,286,112
56578,352,270,82
56579,451,335,116
56580,295,246,49
56581,147,92,55
56583,81,52,29
56584,667,442,225
56585,397,268,129
56586,714,535,179
56587,559,400,159
56588,199,149,50
56589,719,527,192
56590,160,121,39
56592,196,124,72
56594,192,149,43
56601,10714,7107,3607
56621,1690,1183,507
56623,1439,947,492
56626,170,132,38
56627,174,117,57
56628,759,501,258
56629,16,10,6
56630,879,625,254
56633,1428,1057,371
56634,654,432,222
56636,1741,1296,445
56637,104,83,21
56639,173,132,41
56641,131,81,50
56644,331,209,122
56646,160,97,63
56647,266,201,65
56649,4584,2976,1608
56650,331,211,120
56651,234,146,88
56652,217,157,60
56653,540,387,153
56654,53,41,12
56655,648,457,191
56657,145,85,60
56659,63,52,11
56660,122,96,26
56661,391,276,115
56662,232,152,80
56663,86,41,45
56666,230,212,18
56667,259,199,60
56669,178,108,70
56670,538,447,91
56671,557,444,113
56672,909,587,322
56673,326,217,109
56676,686,472,214
56678,287,210,77
56680,41,22,19
56681,126,70,56
56683,205,158,47
56684,158,119,39
56685,70,43,27
56686,417,277,140
56687,53,37,16
56688,51,40,11
56701,5015,3244,1771
56710,183,131,52
56711,44,33,11
56712,103,83,20
56713,404,294,110
56714,581,419,162
56715,163,110,53
56716,3643,2335,1308
56720,33,23,10
56721,3455,2369,1086
56722,147,123,24
56723,440,346,94
56724,91,68,23
56725,375,260,115
56726,696,494,202
56727,324,214,110
56728,643,423,220
56729,88,63,25
56731,37,27,10
56732,499,334,165
56733,250,185,65
56734,252,156,96
56735,346,240,106
56736,368,263,105
56737,383,250,133
56738,545,375,170
56741,12,12,0
56742,333,212,121
56744,229,149,80
56748,266,173,93
56750,1013,683,330
56751,2273,1603,670
56754,204,132,72
56755,76,44,32
56756,305,231,74
56757,442,303,139
56758,155,104,51
56759,115,73,42
56760,161,120,41
56761,212,163,49
56762,980,654,326
56763,1868,1371,497
57001,827,613,214
57002,337,252,85
57003,582,450,132
57004,1338,928,410
57005,2393,2026,367
57006,7952,4214,3738
57010,173,117,56
57012,418,293,125
57013,1661,1170,491
57014,673,465,208
57015,287,218,69
57016,273,208,65
57017,487,372,115
57018,529,379,150
57020,366,309,57
57021,126,87,39
57022,1534,1141,393
57024,163,112,51
57025,1044,745,299
57026,501,365,136
57027,10,8,2
57028,1404,921,483
57029,965,638,327
57030,909,697,212
57031,257,173,84
57032,810,709,101
57033,1350,1136,214
57034,329,222,107
57035,389,306,83
57036,348,250,98
57037,389,275,114
57038,438,327,111
57039,1240,893,347
57040,175,148,27
57041,37,32,5
57042,3293,2066,1227
57043,585,426,159
57044,97,67,30
57045,477,341,136
57046,275,207,68
57047,111,83,28
57048,360,258,102
57049,1749,1269,480
57050,86,54,32
57051,181,114,67
57052,154,115,39
57053,758,555,203
57054,193,130,63
57055,397,335,62
57057,56,37,19
57058,789,538,251
57059,643,428,215
57061,60,49,11
57062,542,376,166
57063,357,267,90
57064,867,736,131
57065,174,121,53
57066,733,485,248
57067,187,131,56
57068,545,468,77
57069,4053,2101,1952
57070,584,381,203
57071,934,698,236
57072,233,173,60
57073,276,197,79
57074,35,23,12
57075,297,223,74
57076,177,143,34
57077,384,298,86
57078,6851,4409,2442
57103,12659,8785,3874
57104,11381,5295,6086
57105,9809,6273,3536
57106,11202,7184,4018
57107,1930,1431,499
57108,2394,1788,606
57110,2838,2352,486
57201,9526,6303,3223
57212,801,583,218
57213,204,151,53
57214,64,45,19
57216,483,327,156
57217,146,100,46
57218,139,96,43
57219,278,171,107
57220,345,268,77
57221,271,179,92
57223,512,395,117
57224,103,79,24
57225,734,481,253
57226,819,548,271
57227,110,82,28
57231,797,538,259
57232,162,115,47
57233,64,53,11
57234,507,344,163
57235,280,215,65
57236,109,92,17
57237,294,199,95
57238,196,143,53
57239,119,67,52
57241,291,222,69
57242,150,110,40
57243,214,171,43
57244,49,37,12
57245,30,22,8
57246,72,55,17
57247,116,86,30
57248,298,192,106
57249,484,302,182
57251,57,41,16
57252,2028,1371,657
57255,219,163,56
57256,27,27,0
57257,236,197,39
57258,85,63,22
57259,227,170,57
57260,355,257,98
57261,173,125,48
57262,1695,1186,509
57263,206,150,56
57264,90,65,25
57265,97,70,27
57266,253,184,69
57268,183,122,61
57269,143,120,23
57270,258,178,80
57271,135,108,27
57272,88,54,34
57273,492,335,157
57274,1282,846,436
57276,441,336,105
57278,277,197,80
57279,513,337,176
57301,7047,4401,2646
57311,511,398,113
57312,228,173,55
57313,511,334,177
57314,253,190,63
57315,437,310,127
57317,277,217,60
57319,466,328,138
57321,210,147,63
57322,115,99,16
57323,158,99,59
57324,166,115,51
57325,1194,726,468
57328,470,357,113
57329,94,78,16
57330,266,196,70
57331,176,147,29
57332,342,254,88
57334,319,251,68
57335,129,78,51
57337,85,54,31
57339,358,299,59
57340,119,94,25
57341,71,45,26
57342,291,174,117
57344,72,63,9
57345,570,362,208
57346,41,37,4
57348,231,158,73
57349,758,485,273
57350,6056,3740,2316
57353,306,232,74
57355,538,378,160
57356,638,455,183
57358,30,12,18
57359,314,223,91
57361,66,53,13
57362,980,576,404
57363,406,319,87
57364,32,18,14
57365,185,117,68
57366,990,690,300
57367,80,52,28
57368,442,319,123
57369,990,710,280
57370,263,214,49
57371,113,105,8
57373,187,144,43
57374,153,118,35
57375,318,236,82
57376,497,324,173
57379,40,28,12
57380,1179,814,365
57381,290,191,99
57382,733,474,259
57383,307,201,106
57384,364,277,87
57385,598,409,189
57386,74,66,8
57401,12158,7525,4633
57420,47,39,8
57421,47,39,8
57422,136,86,50
57424,140,111,29
57426,28,21,7
57427,208,156,52
57428,336,237,99
57430,959,641,318
57432,186,136,50
57433,181,138,43
57434,247,175,72
57435,130,99,31
57436,256,197,59
57437,783,519,264
57438,623,419,204
57440,230,176,54
57441,274,213,61
57442,715,461,254
57445,749,545,204
57446,243,174,69
57448,176,115,61
57449,91,56,35
57450,362,271,91
57451,554,397,157
57452,150,95,55
57454,255,168,87
57455,72,49,23
57456,410,287,123
57457,57,37,20
57460,129,98,31
57461,173,120,53
57462,290,230,60
57465,128,105,23
57466,75,53,22
57467,116,98,18
57468,117,67,50
57469,1474,943,531
57470,66,54,12
57471,281,181,100
57472,431,308,123
57473,78,55,23
57474,114,85,29
57475,71,61,10
57476,191,127,64
57477,78,44,34
57479,209,171,38
57481,226,195,31
57501,6219,4122,2097
57520,74,42,32
57521,68,47,21
57522,202,156,46
57523,485,286,199
57526,55,52,3
57528,349,264,85
57529,241,166,75
57531,108,74,34
57532,1081,767,314
57533,845,536,309
57534,61,50,11
57536,217,150,67
57537,54,40,14
57538,116,74,42
57540,57,49,8
57541,50,42,8
57542,52,35,17
57543,371,249,122
57544,171,122,49
57547,54,45,9
57548,308,239,69
57551,834,567,267
57552,234,170,64
57553,57,53,4
57555,1087,817,270
57559,367,226,141
57560,138,97,41
57562,21,16,5
57563,78,36,42
57564,433,319,114
57566,272,232,40
57567,625,428,197
57568,319,231,88
57569,227,164,63
57570,523,410,113
57571,30,14,16
57572,465,385,80
57574,55,55,0
57576,113,79,34
57577,242,191,51
57578,22,18,4
57579,441,311,130
57580,1885,1217,668
57584,64,39,25
57585,88,67,21
57601,1779,1135,644
57620,257,153,104
57621,87,75,12
57622,89,75,14
57623,283,229,54
57625,1216,918,298
57626,400,284,116
57628,32,25,7
57631,153,112,41
57632,262,181,81
57633,215,160,55
57634,43,38,5
57636,62,28,34
57638,888,568,320
57640,111,73,38
57641,145,87,58
57642,638,482,156
57644,115,88,27
57645,73,54,19
57646,106,88,18
57648,206,124,82
57649,81,70,11
57650,29,20,9
57651,50,37,13
57652,122,101,21
57653,77,54,23
57656,322,252,70
57657,55,40,15
57658,119,93,26
57660,18,16,2
57661,55,48,7
57701,15629,9670,5959
57702,11804,8501,3303
57703,3877,2893,984
57706,1200,1167,33
57714,184,171,13
57716,161,84,77
57717,2645,1800,845
57718,1739,1403,336
57719,1490,1138,352
57720,285,170,115
57722,168,124,44
57724,83,56,27
57725,59,34,25
57729,43,26,17
57730,2065,1401,664
57732,991,613,378
57735,589,396,193
57736,29,29,0
57737,26,20,6
57738,81,40,41
57742,53,49,4
57744,589,462,127
57745,714,521,193
57747,2382,1490,892
57748,108,76,32
57750,105,71,34
57751,279,161,118
57752,569,428,141
57754,1579,1018,561
57755,48,38,10
57756,153,137,16
57758,51,38,13
57759,121,103,18
57760,509,386,123
57761,405,319,86
57762,200,153,47
57763,142,104,38
57764,324,270,54
57765,30,26,4
57766,120,72,48
57767,40,31,9
57769,1186,938,248
57770,1120,1020,100
57772,334,280,54
57773,102,86,16
57774,34,26,8
57775,90,73,17
57777,69,53,16
57778,32,22,10
57779,58,38,20
57780,67,45,22
57783,5304,3172,2132
57785,3742,2523,1219
57787,102,84,18
57788,226,174,52
57790,440,280,160
57791,51,21,30
57792,38,27,11
57793,589,440,149
57794,103,103,0
57799,13,13,0
58001,116,69,47
58004,111,82,29
58005,174,133,41
58006,173,131,42
58007,67,44,23
58008,91,63,28
58009,35,20,15
58011,167,130,37
58012,784,560,224
58013,70,48,22
58015,116,100,16
58016,78,60,18
58017,177,139,38
58018,108,76,32
58021,170,151,19
58027,597,422,175
58029,52,41,11
58030,299,223,76
58031,199,152,47
58032,302,199,103
58033,165,129,36
58035,144,89,55
58036,128,86,42
58038,143,106,37
58039,34,28,6
58040,342,232,110
58041,700,449,251
58042,426,381,45
58043,100,76,24
58045,941,616,325
58046,228,152,76
58047,716,596,120
58048,212,146,66
58049,133,92,41
58051,502,403,99
58052,244,166,78
58053,585,383,202
58054,1354,872,482
58056,69,56,13
58057,67,53,14
58058,61,39,22
58059,346,271,75
58060,570,404,166
58061,191,101,90
58062,89,71,18
58063,141,112,29
58064,225,150,75
58067,138,88,50
58068,147,94,53
58069,108,72,36
58071,177,133,44
58072,3516,2131,1385
58075,3843,2302,1541
58077,229,189,40
58078,5735,4133,1602
58079,182,151,31
58081,352,261,91
58102,13284,6881,6403
58103,21667,11158,10509
58104,5677,4115,1562
58201,13746,8022,5724
58202,0,0,0
58203,6569,3685,2884
58204,1283,1241,42
58210,183,130,53
58212,226,137,89
58213,114,89,25
58214,184,134,50
58216,76,59,17
58218,285,218,67
58219,21,21,0
58220,1094,710,384
58222,148,108,40
58223,91,73,18
58224,22,17,5
58225,507,321,186
58227,272,191,81
58228,434,274,160
58229,70,42,28
58230,334,230,104
58231,225,164,61
58233,125,85,40
58235,205,143,62
58236,15,12,3
58237,2301,1514,787
58238,85,55,30
58239,43,27,16
58240,522,372,150
58241,84,57,27
58243,272,184,88
58244,122,81,41
58249,1271,838,433
58250,123,89,34
58251,821,590,231
58254,286,161,125
58255,6,6,0
58256,340,261,79
58257,862,523,339
58258,101,67,34
58259,271,179,92
58260,93,69,24
58261,457,286,171
58262,67,45,22
58265,237,166,71
58266,84,75,9
58267,629,418,211
58269,94,66,28
58270,870,543,327
58271,307,229,78
58272,135,100,35
58273,98,62,36
58274,457,313,144
58275,277,220,57
58276,275,200,75
58277,125,80,45
58278,667,548,119
58281,55,34,21
58282,637,414,223
58301,4099,2622,1477
58310,99,75,24
58311,62,51,11
58313,35,17,18
58316,1966,1517,449
58317,132,82,50
58318,1613,1039,574
58321,93,66,27
58323,24,18,6
58324,710,432,278
58325,68,55,13
58327,149,120,29
58329,984,758,226
58330,207,121,86
58331,69,52,17
58332,186,128,58
58335,382,345,37
58338,63,36,27
58341,1316,839,477
58343,45,33,12
58344,465,289,176
58345,77,51,26
58346,316,216,100
58348,454,286,168
58351,252,157,95
58352,219,142,77
58353,14,8,6
58355,47,39,8
58356,836,514,322
58357,101,75,26
58359,8,8,0
58361,96,77,19
58362,64,39,25
58363,35,32,3
58365,185,115,70
58366,417,278,139
58367,765,485,280
58368,1698,1108,590
58369,346,269,77
58370,325,269,56
58372,65,43,22
58374,281,192,89
58377,144,104,40
58379,73,58,15
58380,225,114,111
58381,111,91,20
58382,88,64,24
58384,292,197,95
58385,75,57,18
58386,60,37,23
58401,7460,4560,2900
58413,575,369,206
58415,76,58,18
58416,221,167,54
58418,196,137,59
58420,115,81,34
58421,1296,862,434
58422,88,76,12
58423,42,27,15
58424,143,107,36
58425,666,414,252
58426,109,77,32
58428,119,85,34
58429,139,91,48
58430,42,31,11
58431,69,49,20
58433,499,319,180
58436,891,574,317
58438,347,221,126
58439,27,23,4
58440,96,63,33
58441,166,131,35
58442,262,168,94
58443,132,93,39
58444,150,115,35
58445,65,45,20
58448,182,116,66
58451,83,57,26
58454,160,103,57
58455,116,74,42
58456,303,193,110
58458,561,383,178
58460,151,99,52
58461,202,143,59
58463,363,230,133
58464,121,103,18
58466,188,131,57
58467,300,222,78
58472,160,120,40
58474,1140,748,392
58475,87,63,24
58476,114,79,35
58477,71,45,26
58478,93,64,29
58479,112,97,15
58480,147,99,48
58481,127,99,28
58482,446,283,163
58483,171,108,63
58484,31,24,7
58486,144,96,48
58487,189,146,43
58488,158,97,61
58489,69,57,12
58490,133,111,22
58492,212,160,52
58494,173,115,58
58495,625,440,185
58496,120,99,21
58497,151,131,20
58501,18138,11727,6411
58504,8420,5673,2747
58505,0,0,0
58520,120,78,42
58521,207,171,36
58523,1488,1087,401
58524,55,43,12
58528,206,179,27
58529,347,232,115
58530,544,394,150
58531,133,103,30
58532,115,100,15
58533,422,277,145
58535,249,165,84
58538,619,496,123
58540,933,643,290
58541,187,130,57
58542,162,120,42
58544,238,147,91
58545,1374,1029,345
58549,87,74,13
58552,911,643,268
58553,57,44,13
58554,7870,5576,2294
58558,240,205,35
58559,123,74,49
58560,67,47,20
58561,488,337,151
58562,251,177,74
58563,815,590,225
58564,83,67,16
58565,118,90,28
58566,68,50,18
58568,219,164,55
58569,43,24,19
58570,111,87,24
58571,230,166,64
58572,86,58,28
58573,328,225,103
58575,448,302,146
58576,410,293,117
58577,727,555,172
58579,487,357,130
58580,121,82,39
58581,136,86,50
58601,7629,4982,2647
58620,68,54,14
58621,575,379,196
58622,597,423,174
58623,959,624,335
58625,100,71,29
58626,125,77,48
58627,66,49,17
58630,222,155,67
58631,509,342,167
58632,93,66,27
58634,162,110,52
58636,299,198,101
58638,472,326,146
58639,851,539,312
58640,481,331,150
58641,44,38,6
58642,119,104,15
58643,111,66,45
58645,144,83,61
58646,561,373,188
58647,439,278,161
58649,172,111,61
58650,189,150,39
58651,210,146,64
58652,429,318,111
58653,282,211,71
58654,114,80,34
58655,159,131,28
58656,159,121,38
58701,10782,6524,4258
58703,7160,4719,2441
58704,2114,1940,174
58710,250,179,71
58711,96,71,25
58712,68,54,14
58713,19,13,6
58716,53,33,20
58718,377,288,89
58721,259,195,64
58722,504,406,98
58723,88,54,34
58725,127,89,38
58727,176,114,62
58730,608,370,238
58731,110,78,32
58733,168,138,30
58734,128,83,45
58735,142,108,34
58736,241,162,79
58737,80,37,43
58740,245,189,56
58741,240,187,53
58744,88,56,32
58746,685,464,221
58747,55,43,12
58748,107,72,35
58750,237,180,57
58752,121,80,41
58755,75,44,31
58756,121,76,45
58757,197,157,40
58758,108,79,29
58759,289,223,66
58760,140,73,67
58761,502,337,165
58762,108,68,40
58763,953,697,256
58765,139,85,54
58768,92,72,20
58769,110,93,17
58770,448,325,123
58771,215,149,66
58772,75,44,31
58773,313,221,92
58775,91,76,15
58776,78,57,21
58778,82,60,22
58779,216,156,60
58781,288,211,77
58782,207,132,75
58783,152,94,58
58784,782,485,297
58785,355,303,52
58787,79,40,39
58788,590,379,211
58789,168,106,62
58790,614,421,193
58792,111,77,34
58793,309,207,102
58794,57,39,18
58795,121,82,39
58801,6518,4181,2337
58830,109,76,33
58831,207,147,60
58833,36,28,8
58835,110,76,34
58838,88,63,25
58843,150,112,38
58844,74,53,21
58845,171,113,58
58847,105,77,28
58849,348,236,112
58852,679,465,214
58853,37,28,9
58854,972,659,313
58856,59,42,17
59001,653,467,186
59002,21,19,2
59003,371,257,114
59006,334,247,87
59007,47,33,14
59008,143,96,47
59010,54,40,14
59011,1270,840,430
59012,59,45,14
59013,72,58,14
59014,605,428,177
59015,192,134,58
59016,314,244,70
59018,149,111,38
59019,1301,922,379
59020,53,21,32
59022,583,495,88
59024,156,103,53
59025,49,44,5
59026,83,57,26
59027,123,82,41
59028,251,170,81
59029,308,228,80
59030,844,472,372
59031,71,71,0
59032,148,116,32
59033,38,26,12
59034,1743,1246,497
59035,86,39,47
59036,648,384,264
59037,556,433,123
59038,321,218,103
59039,40,29,11
59041,735,538,197
59043,693,563,130
59044,3813,2797,1016
59046,172,118,54
59047,5292,3279,2013
59050,470,391,79
59052,77,61,16
59053,124,71,53
59054,109,87,22
59055,46,32,14
59057,153,127,26
59058,20,18,2
59059,58,46,12
59061,88,63,25
59062,40,25,15
59063,638,507,131
59064,109,83,26
59065,37,29,8
59066,192,162,30
59067,87,56,31
59068,1599,940,659
59069,174,130,44
59070,318,211,107
59071,43,32,11
59072,1687,1074,613
59074,179,127,52
59075,95,95,0
59076,18,8,10
59077,30,18,12
59078,49,39,10
59079,1043,863,180
59081,19,6,13
59085,27,15,12
59086,287,206,81
59087,209,138,71
59088,463,331,132
59089,136,116,20
59101,15325,8768,6557
59102,18848,12030,6818
59105,8524,6374,2150
59106,2780,2355,425
59201,1786,1310,476
59211,68,60,8
59212,129,92,37
59213,263,214,49
59214,61,45,16
59215,518,358,160
59217,31,23,8
59218,377,254,123
59219,147,117,30
59221,673,442,231
59222,111,80,31
59223,105,90,15
59225,206,178,28
59226,190,115,75
59230,1961,1249,712
59231,74,61,13
59241,191,138,53
59242,21,17,4
59243,142,114,28
59244,48,39,9
59247,159,89,70
59248,325,227,98
59250,114,72,42
59252,86,63,23
59253,73,47,26
59254,1035,642,393
59255,1108,849,259
59257,35,27,8
59258,61,47,14
59259,162,120,42
59260,74,55,19
59261,234,144,90
59262,272,190,82
59263,663,400,263
59270,2851,1929,922
59274,95,87,8
59275,171,112,59
59276,28,15,13
59301,4635,3006,1629
59311,78,55,23
59313,948,666,282
59314,66,40,26
59315,60,58,2
59317,491,353,138
59318,64,55,9
59322,59,52,7
59323,851,703,148
59324,401,280,121
59326,121,84,37
59327,1255,829,426
59330,3343,2275,1068
59332,68,55,13
59333,12,8,4
59336,49,39,10
59337,360,229,131
59338,63,52,11
59339,60,41,19
59343,42,40,2
59344,158,116,42
59347,134,100,34
59348,6,6,0
59349,416,270,146
59351,31,23,8
59353,425,292,133
59354,20,14,6
59401,6398,3443,2955
59404,9591,7189,2402
59405,12969,8437,4532
59410,308,200,108
59411,143,132,11
59412,648,448,200
59414,429,216,213
59416,203,140,63
59417,1929,1544,385
59419,33,25,8
59420,73,56,17
59421,762,541,221
59422,1190,796,394
59424,9,7,2
59425,1492,1047,445
59427,1955,1391,564
59430,210,140,70
59432,75,54,21
59433,267,186,81
59434,188,123,65
59436,733,518,215
59440,75,61,14
59441,45,39,6
59442,790,534,256
59443,255,201,54
59444,78,55,23
59446,269,202,67
59447,117,87,30
59448,279,245,34
59450,195,150,45
59451,394,288,106
59452,261,193,68
59453,115,80,35
59454,103,65,38
59456,44,25,19
59457,3765,2408,1357
59460,91,64,27
59462,90,65,25
59463,84,58,26
59464,160,119,41
59465,48,34,14
59466,58,40,18
59467,35,23,12
59468,253,188,65
59469,66,54,12
59471,145,104,41
59472,200,131,69
59474,1404,903,501
59477,126,80,46
59479,401,246,155
59480,216,175,41
59482,277,235,42
59483,196,150,46
59484,71,43,28
59485,199,160,39
59486,499,373,126
59487,494,388,106
59501,5373,3421,1952
59520,506,353,153
59521,722,636,86
59522,605,424,181
59523,1090,690,400
59524,238,196,42
59525,125,84,41
59526,862,663,199
59527,309,248,61
59528,118,85,33
59529,33,25,8
59530,76,56,20
59531,153,117,36
59532,92,59,33
59535,46,33,13
59537,50,45,5
59538,1294,860,434
59540,166,106,60
59542,101,73,28
59544,63,50,13
59545,18,10,8
59546,51,24,27
59547,19,16,3
59601,12718,7265,5453
59602,6887,5315,1572
59631,113,71,42
59632,675,432,243
59633,86,64,22
59634,1457,1251,206
59635,2019,1558,461
59636,9,6,3
59638,148,114,34
59639,570,363,207
59640,40,17,23
59642,24,16,8
59643,255,188,67
59644,1378,997,381
59645,662,446,216
59648,330,246,84
59701,14087,8656,5431
59710,146,99,47
59711,3966,2507,1459
59713,80,56,24
59714,3919,2911,1008
59715,11649,6243,5406
59716,284,143,141
59718,6573,4269,2304
59720,102,68,34
59721,155,107,48
59722,1849,1201,648
59725,3152,2036,1116
59727,72,55,17
59728,156,113,43
59729,901,531,370
59730,645,450,195
59731,89,68,21
59733,43,35,8
59735,123,84,39
59736,54,35,19
59739,171,117,54
59740,173,131,42
59741,1453,1115,338
59743,73,58,15
59745,41,25,16
59746,51,28,23
59747,80,58,22
59748,116,96,20
59749,654,413,241
59750,144,127,17
59751,68,48,20
59752,1175,830,345
59754,378,248,130
59755,85,44,41
59756,85,37,48
59758,710,425,285
59759,1296,962,334
59761,146,81,65
59762,145,89,56
59801,12069,5933,6136
59802,8067,3984,4083
59803,5171,3833,1338
59804,2890,1991,899
59808,4139,2833,1306
59820,479,350,129
59821,946,672,274
59823,384,280,104
59824,595,424,171
59825,884,669,215
59826,256,179,77
59827,110,43,67
59828,1578,1227,351
59829,1040,777,263
59831,207,125,82
59832,318,220,98
59833,1699,1404,295
59834,588,470,118
59836,107,83,24
59837,82,52,30
59840,5343,3430,1913
59841,84,78,6
59842,29,14,15
59843,107,81,26
59844,222,164,58
59845,507,287,220
59846,571,440,131
59847,1782,1385,397
59848,54,37,17
59851,66,45,21
59853,261,183,78
59854,109,81,28
59855,229,182,47
59858,626,408,218
59859,1412,972,440
59860,3738,2586,1152
59864,2163,1601,562
59865,1088,789,299
59866,331,234,97
59867,93,67,26
59868,788,542,246
59870,3258,2420,838
59871,94,68,26
59872,895,595,300
59873,1110,794,316
59874,529,387,142
59875,1411,1054,357
59901,15684,10693,4991
59910,160,104,56
59911,2907,2085,822
59912,4494,3403,1091
59913,278,177,101
59914,137,98,39
59915,73,47,26
59916,55,40,15
59917,1544,1052,492
59918,163,115,48
59919,309,242,67
59920,266,214,52
59921,1,0,1
59922,818,586,232
59923,4239,2944,1295
59925,323,240,83
59926,201,118,83
59927,57,36,21
59928,33,11,22
59929,79,60,19
59930,294,228,66
59931,111,78,33
59932,444,292,152
59933,11,2,9
59934,173,121,52
59935,1364,949,415
59936,157,96,61
59937,4804,3180,1624
60002,7419,5360,2059
60004,20450,14664,5786
60005,12569,7367,5202
60007,13460,9517,3943
60008,8590,6026,2564
60010,14102,11661,2441
60012,3318,2693,625
60013,7810,6583,1227
60014,14971,11850,3121
60015,9514,7509,2005
60016,22822,15014,7808
60018,10699,7510,3189
60020,2802,1614,1188
60021,2035,1563,472
60022,2955,2492,463
60025,18607,14038,4569
60029,125,100,25
60030,11554,8967,2587
60031,13883,10013,3870
60033,4456,3429,1027
60034,689,531,158
60035,11186,8676,2510
60037,256,249,7
60040,1832,1197,635
60041,3418,2537,881
60042,3042,2299,743
60043,820,732,88
60044,4072,2743,1329
60045,7411,5921,1490
60046,10390,8334,2056
60047,11816,10382,1434
60048,9783,7705,2078
60050,17330,12921,4409
60053,7911,6196,1715
60056,21644,15487,6157
60060,11828,9386,2442
60061,7664,5512,2152
60062,15016,11710,3306
60064,4871,3447,1424
60067,19825,13856,5969
60068,14242,10484,3758
60069,2518,2088,430
60070,6125,4237,1888
60071,1037,774,263
60072,130,106,24
60073,11750,9379,2371
60074,8904,5335,3569
60076,11858,9175,2683
60077,10064,6792,3272
60081,2917,2281,636
60083,1878,1584,294
60084,4859,3449,1410
60085,23069,15764,7305
60087,8094,6059,2035
60088,2035,1914,121
60089,15080,11448,3632
60090,14250,9002,5248
60091,9810,7640,2170
60093,7030,5488,1542
60096,2455,1980,475
60097,3690,2870,820
60098,9820,7028,2792
60099,10043,7536,2507
60101,12364,9702,2662
60102,16204,13157,3047
60103,23635,19438,4197
60104,6432,5125,1307
60106,7477,5125,2352
60107,11779,9184,2595
60108,8351,5889,2462
60109,70,43,27
60110,9128,7567,1561
60111,106,71,35
60112,467,339,128
60113,114,80,34
60115,14483,7511,6972
60118,5396,4122,1274
60119,2603,2123,480
60120,15418,11387,4031
60123,19123,13723,5400
60126,16635,12067,4568
60129,100,75,25
60130,7625,3529,4096
60131,6478,4804,1674
60134,7249,5703,1546
60135,2183,1683,500
60136,485,425,60
60137,14084,10435,3649
60139,11067,7844,3223
60140,2512,2076,436
60141,0,0,0
60142,3024,2465,559
60143,3776,2760,1016
60145,883,721,162
60146,804,624,180
60148,19265,12853,6412
60150,635,474,161
60151,1253,961,292
60152,3947,3042,905
60153,7942,6170,1772
60154,6863,4852,2011
60155,3215,2111,1104
60157,764,648,116
60160,7571,5480,2091
60162,3184,2175,1009
60163,1867,1393,474
60164,6997,5145,1852
60165,1256,1029,227
60171,4312,2740,1572
60172,9159,6932,2227
60173,5870,2844,3026
60174,11640,8309,3331
60175,5533,5135,398
60176,4088,2996,1092
60177,5903,4617,1286
60178,6258,4394,1864
60180,557,446,111
60181,11162,7831,3331
60184,266,232,34
60185,9625,8074,1551
60187,21570,15764,5806
60188,14756,11039,3717
60190,3855,3178,677
60191,5517,3947,1570
60192,520,487,33
60193,16416,10988,5428
60194,15530,10563,4967
60195,10806,7643,3163
60201,15950,8320,7630
60202,13718,7744,5974
60203,1704,1272,432
60301,1383,507,876
60302,14812,7876,6936
60304,6912,4660,2252
60305,4107,2948,1159
60401,2198,1635,563
60402,22237,14679,7558
60406,9065,5940,3125
60407,558,446,112
60408,1841,1437,404
60409,15153,10140,5013
60410,2391,2125,266
60411,20277,15130,5147
60415,5515,3365,2150
60416,2800,2025,775
60417,5777,4641,1136
60419,8462,6593,1869
60420,1916,1314,602
60421,1277,996,281
60422,3260,2643,617
60423,7360,6241,1119
60424,907,653,254
60425,3408,2453,955
60426,14513,11235,3278
60429,5400,4007,1393
60430,8133,5697,2436
60431,7667,6336,1331
60432,5796,4524,1272
60433,5770,4183,1587
60435,21138,13383,7755
60436,6303,3945,2358
60437,88,59,29
60438,11572,7917,3655
60439,6618,5345,1273
60440,14511,11809,2702
60441,15281,12501,2780
60442,2050,1634,416
60443,5537,4166,1371
60444,562,436,126
60445,10049,6697,3352
60446,6752,5389,1363
60447,2424,1956,468
60448,6340,5468,872
60449,2141,1656,485
60450,7432,5193,2239
60451,8833,7480,1353
60452,9629,7250,2379
60453,22089,14587,7502
60455,5913,3960,1953
60456,1867,1160,707
60457,5228,3879,1349
60458,5265,3584,1681
60459,9327,7293,2034
60460,602,450,152
60461,1665,1352,313
60462,14264,10845,3419
60463,4911,3793,1118
60464,3512,2538,974
60465,7163,4604,2559
60466,11330,7799,3531
60467,6905,5896,1009
60468,1896,1466,430
60469,1626,1144,482
60470,244,195,49
60471,4768,3318,1450
60472,2035,1488,547
60473,7754,6157,1597
60474,291,188,103
60475,3590,2376,1214
60476,1013,717,296
60477,20208,15085,5123
60478,5390,4179,1211
60479,264,215,49
60480,1848,1312,536
60481,4236,3017,1219
60482,4518,2895,1623
60490,2772,2481,291
60501,3553,2579,974
60504,16114,11955,4159
60505,16217,12405,3812
60506,17743,12726,5017
60510,9262,7019,2243
60511,644,582,62
60512,295,233,62
60513,7518,5043,2475
60514,7591,4531,3060
60515,11152,7230,3922
60516,11244,8519,2725
60517,11653,8386,3267
60518,1332,1023,309
60519,6,6,0
60520,1026,798,228
60521,13122,10135,2987
60523,3733,2741,992
60525,12716,8630,4086
60526,5432,3539,1893
60530,216,164,52
60531,698,540,158
60532,11455,6342,5113
60534,3965,2560,1405
60536,25,25,0
60537,109,99,10
60538,4913,3779,1134
60539,0,0,0
60540,14739,11316,3423
60541,883,710,173
60542,4176,2914,1262
60543,6393,5176,1217
60544,14889,12155,2734
60545,2568,1998,570
60546,6638,4271,2367
60548,3983,2965,1018
60549,206,163,43
60550,518,384,134
60551,1231,943,288
60552,1378,1070,308
60553,245,206,39
60554,1564,1324,240
60555,5082,3613,1469
60556,659,495,164
60557,48,48,0
60558,4380,3724,656
60559,10342,6517,3825
60560,4048,3214,834
60561,8992,6823,2169
60563,12958,8061,4897
60564,9469,8483,986
60565,12786,10946,1840
60601,3504,1318,2186
60602,23,23,0
60603,45,45,0
60604,42,42,0
60605,6836,2246,4590
60606,889,350,539
60607,7234,3018,4216
60608,24918,18095,6823
60609,22803,17141,5662
60610,28714,8510,20204
60611,17639,5584,12055
60612,12236,7265,4971
60613,29233,8254,20979
60614,36431,10767,25664
60615,21300,9339,11961
60616,19280,10227,9053
60617,31572,23761,7811
60618,34897,22151,12746
60619,29845,18947,10898
60620,28516,21226,7290
60621,14973,10408,4565
60622,30833,15177,15656
60623,27733,22851,4882
60624,13652,9904,3748
60625,30779,20028,10751
60626,24214,11684,12530
60628,26932,20674,6258
60629,32541,25455,7086
60630,21800,13900,7900
60631,11934,7561,4373
60632,24446,19273,5173
60633,5037,3339,1698
60634,26197,18937,7260
60636,14022,11093,2929
60637,21655,12477,9178
60638,20771,14541,6230
60639,25440,20543,4897
60640,35176,13607,21569
60641,25376,17202,8174
60643,17515,13360,4155
60644,17828,13044,4784
60645,16041,10334,5707
60646,11021,7430,3591
60647,33392,20618,12774
60649,23571,13001,10570
60651,21212,17510,3702
60652,12826,10118,2708
60653,12991,7685,5306
60654,0,0,0
60655,10811,7445,3366
60656,11891,7119,4772
60657,39990,9978,30012
60659,12813,9456,3357
60660,22311,9243,13068
60661,2670,674,1996
60706,9248,6307,2941
60707,15760,10704,5056
60712,4472,3436,1036
60714,12371,8182,4189
60803,8920,5827,3093
60804,23124,18233,4891
60805,7509,5353,2156
60827,10772,8186,2586
60901,13701,9229,4472
60910,199,143,56
60911,545,415,130
60912,235,151,84
60913,525,456,69
60914,8237,5863,2374
60915,4050,2759,1291
60917,199,166,33
60918,417,299,118
60919,178,128,50
60920,50,33,17
60921,653,424,229
60922,1004,758,246
60924,689,494,195
60926,34,24,10
60927,813,619,194
60928,296,208,88
60929,337,207,130
60930,322,225,97
60931,264,191,73
60932,72,46,26
60933,133,112,21
60934,120,87,33
60935,332,267,65
60936,1784,1180,604
60938,867,571,296
60940,1178,927,251
60941,688,557,131
60942,2613,1784,829
60945,75,53,22
60946,176,133,43
60948,584,433,151
60949,286,169,117
60950,3331,2395,936
60951,451,368,83
60952,283,207,76
60953,1106,781,325
60954,2450,1741,709
60955,681,523,158
60957,2198,1579,619
60959,390,288,102
60960,445,280,165
60961,284,231,53
60962,267,173,94
60963,699,458,241
60964,2561,1888,673
60966,645,477,168
60967,27,13,14
60968,164,127,37
60969,18,11,7
60970,3057,2049,1008
60973,176,130,46
60974,141,109,32
61001,431,318,113
61006,669,510,159
61007,200,184,16
61008,10165,7659,2506
61010,2493,1967,526
61011,721,667,54
61012,630,500,130
61013,182,141,41
61014,494,370,124
61015,334,277,57
61016,1386,1084,302
61018,400,312,88
61019,1404,1148,256
61020,511,417,94
61021,8574,5709,2865
61024,884,677,207
61025,1910,1364,546
61028,799,519,280
61030,879,645,234
61031,603,410,193
61032,13681,8860,4821
61036,2671,1751,920
61037,45,23,22
61038,490,427,63
61039,325,244,81
61041,583,353,230
61042,249,200,49
61044,58,55,3
61046,1223,924,299
61047,756,589,167
61048,1710,1254,456
61049,213,158,55
61050,188,149,39
61051,675,497,178
61052,464,354,110
61053,1278,886,392
61054,1598,1058,540
61057,27,14,13
61059,58,27,31
61060,573,420,153
61061,2944,2072,872
61062,685,559,126
61063,1528,1142,386
61064,1580,1114,466
61065,2274,1894,380
61067,369,266,103
61068,5440,3832,1608
61070,388,282,106
61071,5931,4140,1791
61072,3121,2455,666
61073,5464,4700,764
61074,2114,1341,773
61075,391,255,136
61077,22,16,6
61078,530,358,172
61080,3565,2450,1115
61081,8952,6321,2631
61084,997,812,185
61085,1532,1086,446
61087,712,488,224
61088,1733,1422,311
61089,320,232,88
61091,4,4,0
61101,8245,5785,2460
61102,6903,5109,1794
61103,10157,5831,4326
61104,8424,4600,3824
61107,12329,8100,4229
61108,11469,7718,3751
61109,10509,7072,3437
61111,8397,5525,2872
61112,3,3,0
61114,5961,4383,1578
61115,7583,5704,1879
61201,15989,9380,6609
61230,441,344,97
61231,2433,1771,662
61232,142,96,46
61233,183,152,31
61234,480,350,130
61235,603,393,210
61236,26,18,8
61238,1333,1002,331
61239,117,84,33
61240,2185,1755,430
61241,2613,2034,579
61242,456,337,119
61243,84,52,32
61244,9313,5921,3392
61250,1113,881,232
61251,108,88,20
61252,2344,1714,630
61254,4370,3231,1139
61256,575,438,137
61257,494,362,132
61259,471,398,73
61260,315,232,83
61261,371,275,96
61262,307,257,50
61263,110,71,39
61264,4715,3336,1379
61265,19510,12486,7024
61270,3001,2176,825
61272,578,397,181
61273,1237,946,291
61274,158,141,17
61275,1776,1377,399
61276,34,24,10
61277,1338,974,364
61279,391,292,99
61281,946,762,184
61282,3689,2431,1258
61283,565,429,136
61284,1251,1040,211
61285,638,463,175
61301,4442,2728,1714
61310,1541,1122,419
61311,120,102,18
61312,291,209,82
61313,118,107,11
61314,405,310,95
61315,100,73,27
61316,116,71,45
61317,135,98,37
61318,296,200,96
61319,467,345,122
61320,279,210,69
61321,132,102,30
61322,589,428,161
61323,34,27,7
61324,55,49,6
61325,359,276,83
61326,967,698,269
61327,441,313,128
61328,26,26,0
61329,563,381,182
61330,577,432,145
61331,21,21,0
61332,17,11,6
61333,166,131,35
61334,287,210,77
61335,229,174,55
61336,246,196,50
61337,163,114,49
61338,141,87,54
61340,130,90,40
61341,2932,2157,775
61342,3459,2464,995
61344,178,124,54
61345,352,260,92
61346,37,32,5
61348,1880,1213,667
61349,419,311,108
61350,9691,6577,3114
61353,514,358,156
61354,4410,2883,1527
61356,4674,3116,1558
61358,224,147,77
61359,131,80,51
61360,1078,823,255
61361,587,439,148
61362,2327,1587,740
61363,122,72,50
61364,8301,5524,2777
61367,376,245,131
61368,570,444,126
61369,700,435,265
61370,567,380,187
61372,35,31,4
61373,757,547,210
61374,49,41,8
61375,484,393,91
61376,862,615,247
61377,552,366,186
61378,208,155,53
61379,550,391,159
61401,14374,8780,5594
61410,1649,1127,522
61411,177,130,47
61412,577,415,162
61413,456,338,118
61414,398,316,82
61415,776,587,189
61416,53,31,22
61417,141,114,27
61418,270,200,70
61419,23,18,5
61420,490,350,140
61421,603,427,176
61422,1501,1011,490
61423,291,255,36
61424,59,43,16
61425,305,226,79
61426,40,21,19
61427,942,693,249
61428,407,312,95
61430,302,231,71
61431,146,114,32
61432,278,187,91
61434,1467,963,504
61435,23,14,9
61436,392,335,57
61437,380,277,103
61438,297,232,65
61439,117,95,22
61440,333,250,83
61441,449,314,135
61442,381,235,146
61443,5913,3830,2083
61447,456,346,110
61448,1621,1227,394
61449,205,173,32
61450,714,495,219
61451,140,107,33
61452,130,100,30
61453,270,205,65
61454,321,230,91
61455,7901,3930,3971
61458,373,276,97
61459,152,123,29
61460,135,109,26
61462,4625,3072,1553
61465,455,323,132
61466,134,101,33
61467,468,364,104
61468,38,31,7
61469,1038,707,331
61470,192,163,29
61471,59,48,11
61472,296,228,68
61473,702,496,206
61474,154,119,35
61475,74,62,12
61476,155,142,13
61477,323,247,76
61478,128,93,35
61479,66,47,19
61480,543,372,171
61482,230,175,55
61483,799,551,248
61484,385,281,104
61485,264,191,73
61486,584,446,138
61488,484,383,101
61489,408,280,128
61490,428,289,139
61491,882,597,285
61501,800,554,246
61516,273,200,73
61517,1144,943,201
61519,88,66,22
61520,7043,4727,2316
61523,4304,3070,1234
61524,57,45,12
61525,1859,1581,278
61526,400,361,39
61528,583,489,94
61529,1020,764,256
61530,2121,1498,623
61531,1306,922,384
61532,284,227,57
61533,796,651,145
61534,714,576,138
61535,508,414,94
61536,1011,804,207
61537,1223,816,407
61539,80,58,22
61540,1183,871,312
61541,61,53,8
61542,1690,1147,543
61543,18,13,5
61544,261,200,61
61545,256,197,59
61546,1694,1305,389
61547,1256,1051,205
61548,3647,2991,656
61550,6681,4777,1904
61552,60,44,16
61554,17020,11672,5348
61559,1165,876,289
61560,315,242,73
61561,1045,804,241
61563,225,155,70
61564,358,277,81
61565,641,538,103
61567,324,231,93
61568,1460,1189,271
61569,483,392,91
61570,652,486,166
61571,7976,5947,2029
61572,448,326,122
61602,352,52,300
61603,7327,4447,2880
61604,13663,8508,5155
61605,6916,4504,2412
61606,2887,1266,1621
61607,4210,3081,1129
61610,2010,1383,627
61611,9872,6831,3041
61614,15438,9178,6260
61615,7734,5119,2615
61701,16237,8472,7765
61704,13270,9610,3660
61720,139,107,32
61721,226,188,38
61722,204,169,35
61723,886,629,257
61724,244,179,65
61725,476,402,74
61726,1061,775,286
61727,4170,2832,1338
61728,542,390,152
61729,397,333,64
61730,167,116,51
61731,83,64,19
61732,738,582,156
61733,366,297,69
61734,1109,844,265
61735,157,132,25
61736,475,414,61
61737,195,157,38
61738,1648,1236,412
61739,1816,1303,513
61740,651,458,193
61741,695,519,176
61742,302,258,44
61743,94,71,23
61744,738,554,184
61745,1579,1225,354
61747,548,426,122
61748,923,750,173
61749,289,215,74
61750,54,24,30
61752,1617,1194,423
61753,1141,821,320
61754,477,395,82
61755,1475,1156,319
61756,839,596,243
61758,28,22,6
61759,629,463,166
61760,1032,730,302
61761,15197,8318,6879
61764,5223,3487,1736
61769,214,176,38
61770,458,329,129
61771,200,152,48
61772,164,103,61
61773,218,172,46
61774,386,303,83
61775,105,85,20
61776,503,431,72
61777,375,284,91
61778,271,187,84
61801,11178,4645,6533
61802,7180,4293,2887
61810,134,106,28
61811,290,249,41
61812,164,115,49
61813,815,586,229
61814,495,399,96
61815,65,44,21
61816,195,151,44
61817,1081,819,262
61818,679,522,157
61820,12636,3686,8950
61821,12281,7625,4656
61822,5998,4300,1698
61830,212,169,43
61831,57,38,19
61832,16242,10247,5995
61833,934,579,355
61834,2388,1781,607
61839,223,180,43
61840,274,217,57
61841,524,408,116
61842,1141,803,338
61843,797,604,193
61844,422,293,129
61845,140,116,24
61846,2097,1481,616
61847,442,331,111
61848,99,65,34
61849,709,509,200
61850,179,143,36
61851,191,137,54
61852,96,71,25
61853,3760,3034,726
61854,617,473,144
61855,25,20,5
61856,2734,1915,819
61857,69,49,20
61858,1145,878,267
61859,459,355,104
61862,180,154,26
61863,344,256,88
61864,547,466,81
61865,487,383,104
61866,5842,3765,2077
61870,537,384,153
61871,85,62,23
61872,298,231,67
61873,1924,1503,421
61874,1931,1045,886
61875,242,192,50
61876,340,261,79
61877,603,441,162
61878,636,445,191
61880,1346,935,411
61882,276,194,82
61883,1984,1271,713
61884,409,331,78
61910,1498,1185,313
61911,1426,1062,364
61912,611,414,197
61913,729,524,205
61914,774,564,210
61917,266,195,71
61919,324,236,88
61920,8922,4340,4582
61924,987,700,287
61925,374,289,85
61928,310,239,71
61929,315,203,112
61930,208,156,52
61931,456,350,106
61932,234,156,78
61933,528,383,145
61936,123,88,35
61937,1001,768,233
61938,9612,6021,3591
61940,103,79,24
61941,36,36,0
61942,541,375,166
61943,740,548,192
61944,5537,3701,1836
61949,55,29,26
61951,2799,1977,822
61953,2536,1775,761
61956,1157,820,337
61957,762,557,205
62001,614,434,180
62002,14073,8853,5220
62006,188,144,44
62009,861,560,301
62010,4055,2914,1141
62011,150,107,43
62012,2380,1914,466
62013,271,202,69
62014,1560,1180,380
62015,240,168,72
62016,1596,1132,464
62017,544,398,146
62018,1630,1188,442
62019,263,207,56
62021,354,292,62
62022,352,280,72
62023,37,25,12
62024,5255,3538,1717
62025,10741,7435,3306
62027,223,176,47
62028,307,216,91
62030,49,37,12
62031,439,340,99
62032,268,198,70
62033,2158,1429,729
62034,4547,3322,1225
62035,6087,4510,1577
62036,236,171,65
62037,691,504,187
62040,18387,12714,5673
62044,840,593,247
62045,245,166,79
62046,151,113,38
62047,617,409,208
62048,655,440,215
62049,2834,1945,889
62050,211,157,54
62051,371,273,98
62052,4739,3242,1497
62053,334,243,91
62054,324,252,72
62056,3493,2396,1097
62058,322,214,108
62059,222,125,97
62060,2380,1441,939
62061,527,379,148
62062,1657,1226,431
62063,470,355,115
62065,51,35,16
62067,889,680,209
62069,1350,943,407
62070,28,16,12
62074,449,365,84
62075,1508,1001,507
62077,60,33,27
62078,48,33,15
62079,64,46,18
62080,1030,745,285
62081,132,102,30
62082,1207,864,343
62083,109,62,47
62084,615,410,205
62085,15,8,7
62086,633,455,178
62087,713,523,190
62088,2724,1932,792
62089,116,80,36
62090,588,396,192
62091,135,114,21
62092,1272,856,416
62093,130,95,35
62094,534,340,194
62095,4447,2781,1666
62097,964,754,210
62201,3119,2049,1070
62203,3259,2406,853
62204,3440,2472,968
62205,3781,2569,1212
62206,6337,4767,1570
62207,3511,2469,1042
62208,5940,4151,1789
62214,480,378,102
62215,394,309,85
62216,383,283,100
62217,389,278,111
62218,478,387,91
62219,384,274,110
62220,7823,5085,2738
62221,8895,5967,2928
62223,7269,4821,2448
62225,1477,1440,37
62226,11394,7050,4344
62230,2104,1570,534
62231,2654,1912,742
62232,2775,1975,800
62233,2550,1666,884
62234,13277,8799,4478
62236,4036,2917,1119
62237,1259,915,344
62238,276,199,77
62239,1851,1286,565
62240,711,531,180
62241,436,307,129
62242,573,401,172
62243,1999,1552,447
62244,445,363,82
62245,862,652,210
62246,3139,2160,979
62249,5097,3723,1374
62250,179,123,56
62253,362,247,115
62254,1900,1275,625
62255,386,322,64
62257,1534,1116,418
62258,2759,2041,718
62260,2221,1710,511
62261,96,55,41
62262,750,537,213
62263,2194,1590,604
62264,1232,898,334
62265,1520,1133,387
62266,52,40,12
62268,271,231,40
62269,9853,7127,2726
62271,817,581,236
62272,636,426,210
62273,24,15,9
62274,2681,1835,846
62275,1402,1045,357
62277,583,410,173
62278,2559,1874,685
62279,0,0,0
62280,182,117,65
62281,618,502,116
62283,298,201,97
62284,215,168,47
62285,1032,830,202
62286,2506,1701,805
62288,1255,898,357
62289,108,81,27
62292,245,180,65
62293,1713,1340,373
62294,4396,3529,867
62295,347,272,75
62297,141,119,22
62298,5134,3969,1165
62301,21053,13770,7283
62311,385,247,138
62312,889,629,260
62313,153,111,42
62314,239,179,60
62316,290,216,74
62318,137,112,25
62319,109,73,36
62320,796,591,205
62321,1838,1219,619
62323,138,103,35
62324,508,354,154
62325,182,127,55
62326,1095,746,349
62330,730,500,230
62334,71,52,19
62336,33,25,8
62338,498,384,114
62339,417,311,106
62340,698,508,190
62341,1485,1019,466
62343,326,230,96
62344,69,55,14
62345,170,128,42
62346,76,44,32
62347,822,647,175
62348,90,76,14
62349,249,190,59
62351,650,497,153
62352,144,108,36
62353,1576,1023,553
62354,597,443,154
62355,370,285,85
62356,279,207,72
62357,103,91,12
62358,256,202,54
62359,61,54,7
62360,632,501,131
62361,220,143,77
62362,197,105,92
62363,2504,1687,817
62365,249,196,53
62366,595,420,175
62367,529,379,150
62370,229,172,57
62373,147,124,23
62374,136,95,41
62375,117,90,27
62376,456,327,129
62378,372,238,134
62379,901,635,266
62380,173,126,47
62401,7641,5027,2614
62410,373,292,81
62411,1566,1118,448
62413,159,135,24
62414,628,456,172
62417,1363,925,438
62418,828,564,264
62419,163,118,45
62420,2102,1420,682
62421,298,221,77
62422,470,349,121
62423,272,210,62
62424,657,540,117
62425,298,218,80
62426,473,357,116
62427,713,526,187
62428,1317,885,432
62431,467,334,133
62432,224,175,49
62433,412,305,107
62434,160,97,63
62436,211,156,55
62438,161,133,28
62439,3361,2209,1152
62440,595,441,154
62441,3067,2069,998
62442,1039,768,271
62443,563,470,93
62444,169,98,71
62445,382,268,114
62446,165,132,33
62447,1358,1028,330
62448,2452,1671,781
62449,1291,901,390
62450,5038,3358,1680
62451,965,673,292
62452,170,118,52
62454,4398,2988,1410
62458,858,636,222
62459,112,71,41
62460,509,356,153
62461,287,229,58
62462,383,311,72
62463,538,396,142
62465,332,253,79
62466,953,712,241
62467,1188,960,228
62468,995,699,296
62469,130,91,39
62471,3530,2376,1154
62473,493,438,55
62474,396,305,91
62475,140,140,0
62476,795,558,237
62477,434,316,118
62478,154,121,33
62479,279,221,58
62480,321,275,46
62481,177,120,57
62501,605,482,123
62510,736,502,234
62511,93,56,37
62512,195,167,28
62513,701,527,174
62514,117,85,32
62515,387,276,111
62517,90,59,31
62518,193,164,29
62519,31,25,6
62520,570,471,99
62521,15234,10692,4542
62522,7063,4251,2812
62523,354,94,260
62526,15653,9614,6039
62530,598,442,156
62531,818,587,231
62532,15,15,0
62533,411,282,129
62534,503,363,140
62535,928,763,165
62536,347,271,76
62537,49,35,14
62538,172,120,52
62539,524,409,115
62540,613,406,207
62541,27,27,0
62543,216,157,59
62544,649,468,181
62545,420,284,136
62546,653,490,163
62547,319,262,57
62548,979,688,291
62549,2125,1698,427
62550,1159,889,270
62551,311,242,69
62552,413,344,69
62553,180,151,29
62554,673,584,89
62555,232,203,29
62556,164,122,42
62557,3099,2063,1036
62558,1349,1007,342
62560,570,418,152
62561,1842,1348,494
62563,1772,1461,311
62565,3174,2174,1000
62567,477,339,138
62568,6235,4171,2064
62570,217,143,74
62571,555,404,151
62572,180,155,25
62573,611,460,151
62601,205,162,43
62610,88,70,18
62611,457,336,121
62612,796,575,221
62613,1327,947,380
62615,2020,1483,537
62617,303,221,82
62618,2860,1962,898
62621,469,335,134
62624,272,205,67
62625,294,260,34
62626,3216,2269,947
62627,466,329,137
62628,402,298,104
62629,3454,2843,611
62630,232,182,50
62631,101,79,22
62633,286,229,57
62634,355,254,101
62635,288,202,86
62638,532,406,126
62639,141,93,48
62640,1503,1073,430
62642,613,459,154
62643,146,108,38
62644,2383,1697,686
62649,228,162,66
62650,10461,6665,3796
62655,251,195,56
62656,7072,4649,2423
62661,495,402,93
62663,128,99,29
62664,1355,928,427
62665,707,502,205
62666,242,168,74
62667,239,194,45
62668,580,469,111
62670,1071,758,313
62671,293,221,72
62672,113,80,33
62673,240,177,63
62674,651,465,186
62675,2361,1695,666
62677,911,763,148
62681,2106,1439,667
62682,366,303,63
62684,1290,986,304
62685,836,612,224
62686,62,39,23
62688,359,289,70
62689,230,152,78
62690,1660,1115,545
62691,1081,752,329
62692,826,561,265
62693,644,529,115
62694,1368,944,424
62695,175,132,43
62701,667,57,610
62702,17474,9991,7483
62703,12848,7752,5096
62704,19347,10449,8898
62707,10304,7761,2543
62801,9094,6028,3066
62803,327,231,96
62806,1441,1003,438
62807,376,235,141
62808,582,406,176
62809,91,73,18
62810,359,289,70
62811,174,115,59
62812,4646,3102,1544
62814,770,611,159
62815,163,136,27
62816,495,355,140
62817,255,205,50
62818,126,100,26
62819,223,125,98
62820,80,60,20
62821,3463,2271,1192
62822,1345,836,509
62823,713,506,207
62824,808,545,263
62825,87,57,30
62827,548,395,153
62828,600,448,152
62829,61,52,9
62830,622,401,221
62831,243,185,58
62832,3991,2628,1363
62833,152,122,30
62835,522,337,185
62836,300,229,71
62837,3922,2582,1340
62838,552,407,145
62839,2788,1832,956
62842,337,253,84
62843,50,36,14
62844,923,601,322
62846,307,217,90
62848,284,207,77
62849,809,648,161
62850,242,202,40
62851,149,109,40
62852,103,72,31
62853,351,296,55
62854,742,546,196
62857,39,32,7
62858,1242,879,363
62859,2308,1570,738
62860,236,193,43
62861,86,49,37
62862,183,132,51
62863,4419,3022,1397
62864,10358,6791,3567
62865,728,583,145
62867,264,200,64
62868,722,533,189
62869,1073,744,329
62870,827,587,240
62871,315,212,103
62872,471,395,76
62874,29,22,7
62875,492,358,134
62876,71,52,19
62877,218,169,49
62878,178,124,54
62879,51,36,15
62880,292,199,93
62881,4698,3299,1399
62882,1010,755,255
62883,255,188,67
62884,1301,904,397
62885,355,234,121
62886,159,132,27
62887,154,106,48
62888,833,628,205
62889,366,272,94
62890,996,768,228
62891,238,150,88
62892,161,110,51
62893,395,303,92
62894,375,279,96
62895,874,622,252
62896,5501,3648,1853
62897,133,88,45
62898,720,575,145
62899,568,452,116
62901,14097,6040,8057
62905,246,188,58
62906,3101,1939,1162
62907,838,626,212
62908,207,159,48
62910,1100,805,295
62912,422,353,69
62914,1745,1020,725
62915,83,48,35
62916,284,214,70
62917,1051,694,357
62918,3598,2419,1179
62919,427,295,132
62920,1266,885,381
62921,164,92,72
62922,1208,900,308
62923,197,127,70
62924,1144,777,367
62926,987,745,242
62927,140,85,55
62928,98,60,38
62930,2791,1804,987
62931,708,490,218
62932,670,506,164
62933,384,282,102
62934,480,341,139
62935,847,550,297
62938,1212,868,344
62939,1208,865,343
62940,167,127,40
62941,345,264,81
62942,301,210,91
62943,263,195,68
62946,5890,3886,2004
62947,250,184,66
62948,5124,3233,1891
62949,279,171,108
62950,103,55,48
62951,2275,1601,674
62952,1414,1006,408
62953,159,104,55
62954,233,191,42
62956,394,270,124
62957,483,337,146
62958,774,476,298
62959,10090,6980,3110
62960,4764,3188,1576
62962,36,23,13
62963,287,181,106
62964,619,421,198
62966,6610,4201,2409
62967,128,103,25
62969,356,239,117
62970,312,210,102
62972,155,127,28
62974,513,342,171
62975,79,71,8
62976,279,177,102
62977,228,181,47
62979,604,385,219
62982,600,401,199
62983,646,410,236
62984,917,597,320
62985,395,265,130
62987,348,261,87
62988,675,509,166
62990,441,353,88
62991,326,262,64
62992,361,243,118
62993,69,42,27
62994,254,186,68
62995,1311,910,401
62996,297,221,76
62997,246,184,62
62998,176,123,53
62999,750,463,287
63005,5488,4721,767
63010,13384,10257,3127
63011,14080,11114,2966
63012,3067,2595,472
63013,577,460,117
63014,294,211,83
63015,771,602,169
63016,2662,2078,584
63017,16365,12016,4349
63019,1653,1125,528
63020,7478,5681,1797
63021,19953,14851,5102
63023,1820,1435,385
63025,3536,2944,592
63026,15055,11558,3497
63028,8347,6387,1960
63030,125,98,27
63031,19030,13580,5450
63033,17973,12267,5706
63034,5857,4874,983
63036,370,298,72
63037,1168,879,289
63038,1595,1449,146
63039,309,236,73
63040,2927,2352,575
63041,97,77,20
63042,8299,4880,3419
63043,9528,6007,3521
63044,5765,3870,1895
63048,879,621,258
63049,5025,3881,1144
63050,4608,3636,972
63051,4709,3688,1021
63052,6744,5478,1266
63055,663,547,116
63056,817,619,198
63060,856,704,152
63061,80,59,21
63068,1678,1272,406
63069,5393,4025,1368
63070,2230,1634,596
63071,393,284,109
63072,971,781,190
63074,7142,3860,3282
63077,4326,3193,1133
63080,4907,3495,1412
63084,5114,3717,1397
63087,329,225,104
63088,3558,2163,1395
63089,2017,1597,420
63090,7968,5779,2189
63091,527,376,151
63101,929,207,722
63102,629,91,538
63103,2688,464,2224
63104,8366,3973,4393
63105,6254,3022,3232
63106,4303,2338,1965
63107,5648,3818,1830
63108,10917,3210,7707
63109,14136,7049,7087
63110,8123,4460,3663
63111,9046,4929,4117
63112,9444,4922,4522
63113,6116,3536,2580
63114,15784,10101,5683
63115,9905,6208,3697
63116,20186,11282,8904
63117,4715,2359,2356
63118,11287,6768,4519
63119,14748,8735,6013
63120,4383,3129,1254
63121,11686,7482,4204
63122,16112,10540,5572
63123,22138,13700,8438
63124,4228,2789,1439
63125,14174,8843,5331
63126,6488,4520,1968
63127,2035,1334,701
63128,11851,8317,3534
63129,19256,14180,5076
63130,13152,7805,5347
63131,5983,4971,1012
63132,6046,3729,2317
63133,3049,2117,932
63134,5523,3862,1661
63135,8253,5619,2634
63136,19882,14102,5780
63137,8346,5683,2663
63138,8553,5892,2661
63139,11712,5599,6113
63140,255,201,54
63141,7949,5438,2511
63143,5653,2527,3126
63144,4655,2107,2548
63146,13957,7811,6146
63147,4570,3065,1505
63301,18355,11838,6517
63303,16240,11300,4940
63304,12750,10646,2104
63330,59,32,27
63332,448,338,110
63333,308,247,61
63334,2319,1639,680
63336,468,309,159
63339,325,250,75
63341,1145,973,172
63343,1675,1207,468
63344,542,412,130
63345,191,137,54
63347,858,693,165
63348,1536,1290,246
63349,480,360,120
63350,215,159,56
63351,634,379,255
63352,500,372,128
63353,2093,1357,736
63357,1750,1394,356
63359,570,399,171
63361,1728,1208,520
63362,1551,1188,363
63363,592,433,159
63366,19654,15765,3889
63367,3019,2558,461
63369,712,547,165
63370,17,6,11
63373,258,182,76
63376,23601,18844,4757
63377,808,566,242
63379,5493,4182,1311
63381,197,155,42
63382,1540,988,552
63383,4613,3481,1132
63384,794,573,221
63385,4912,3822,1090
63386,229,144,85
63387,41,33,8
63388,246,186,60
63389,1613,1277,336
63390,2573,1871,702
63401,8643,5799,2844
63430,270,191,79
63431,161,142,19
63432,236,167,69
63433,30,23,7
63434,190,125,65
63435,1480,1022,458
63436,512,351,161
63437,649,419,230
63438,220,196,24
63439,75,65,10
63440,526,398,128
63441,439,345,94
63443,173,115,58
63445,1611,1113,498
63446,261,187,74
63447,435,276,159
63448,730,480,250
63450,55,55,0
63451,124,99,25
63452,452,310,142
63453,197,161,36
63454,317,238,79
63456,1599,1094,505
63457,119,85,34
63458,101,60,41
63459,1470,1108,362
63460,134,88,46
63461,2114,1570,544
63462,609,414,195
63463,229,187,42
63464,28,8,20
63465,184,132,52
63468,1252,823,429
63469,485,353,132
63471,274,202,72
63472,235,139,96
63473,138,83,55
63474,269,190,79
63501,8101,4254,3847
63530,374,284,90
63531,234,166,68
63532,536,363,173
63533,314,223,91
63534,348,225,123
63535,50,38,12
63536,335,230,105
63537,763,517,246
63538,127,87,40
63539,134,92,42
63540,63,55,8
63541,189,138,51
63543,153,106,47
63544,325,227,98
63545,522,351,171
63546,596,425,171
63547,234,166,68
63548,498,366,132
63549,1008,679,329
63551,172,134,38
63552,3292,2132,1160
63555,1315,883,432
63556,1524,1023,501
63557,109,91,18
63558,338,230,108
63559,626,458,168
63560,131,87,44
63561,439,305,134
63563,210,167,43
63565,1731,1144,587
63566,35,21,14
63567,65,48,17
63601,6157,4347,1810
63620,575,403,172
63621,516,365,151
63622,352,265,87
63623,295,208,87
63624,1412,1064,348
63625,172,144,28
63626,65,56,9
63627,1033,808,225
63628,4535,3392,1143
63629,571,409,162
63630,1498,1123,375
63631,393,294,99
63633,312,216,96
63636,263,176,87
63637,304,246,58
63638,1222,831,391
63640,7904,5423,2481
63645,4322,2996,1326
63648,492,375,117
63650,1736,1237,499
63653,382,292,90
63654,235,170,65
63655,567,424,143
63656,180,145,35
63660,1151,922,229
63662,435,321,114
63663,255,171,84
63664,3322,2370,952
63665,98,78,20
63670,4306,3203,1103
63673,765,596,169
63674,50,37,13
63675,70,48,22
63701,13277,8383,4894
63703,3593,1903,1690
63730,1369,972,397
63732,249,195,54
63735,361,244,117
63736,1139,885,254
63738,40,15,25
63739,212,184,28
63740,2193,1509,684
63742,38,24,14
63743,12,12,0
63747,131,106,25
63748,463,341,122
63750,46,34,12
63751,396,316,80
63753,94,83,11
63755,7868,5974,1894
63758,88,51,37
63760,242,196,46
63763,39,27,12
63764,2240,1654,586
63766,350,266,84
63767,331,226,105
63769,528,439,89
63770,44,33,11
63771,1101,816,285
63774,58,41,17
63775,6103,4325,1778
63780,2515,1920,595
63781,383,324,59
63782,133,114,19
63783,59,44,15
63784,102,76,26
63785,309,263,46
63787,292,197,95
63801,9283,6638,2645
63820,120,94,26
63821,416,270,146
63822,1184,812,372
63823,456,340,116
63824,52,40,12
63825,1675,1260,415
63826,58,40,18
63827,450,344,106
63828,125,93,32
63829,551,376,175
63830,2983,1994,989
63833,117,91,26
63834,2348,1625,723
63837,685,474,211
63839,206,145,61
63841,5413,3725,1688
63845,2409,1653,756
63846,597,440,157
63847,42,33,9
63848,612,428,184
63849,109,83,26
63850,24,20,4
63851,1863,1180,683
63852,603,441,162
63853,88,68,20
63855,486,334,152
63857,5269,3602,1667
63860,75,45,30
63862,699,486,213
63863,2775,1942,833
63866,279,180,99
63867,419,307,112
63868,452,295,157
63869,1634,1147,487
63870,497,377,120
63873,2078,1473,605
63874,161,110,51
63876,967,649,318
63877,1656,1150,506
63878,74,60,14
63879,355,252,103
63880,12,8,4
63882,242,151,91
63901,13341,9019,4322
63932,538,402,136
63933,1563,1069,494
63934,32,19,13
63935,3805,2681,1124
63936,377,279,98
63937,1048,798,250
63938,17,17,0
63939,599,442,157
63940,557,394,163
63941,204,140,64
63942,269,200,69
63943,319,250,69
63944,532,374,158
63945,466,330,136
63947,78,42,36
63951,168,152,16
63952,225,174,51
63953,709,512,197
63954,557,396,161
63955,110,70,40
63956,350,249,101
63957,2296,1620,676
63960,1189,827,362
63961,685,452,233
63963,59,59,0
63964,486,315,171
63965,1096,720,376
63966,1083,696,387
63967,672,453,219
64001,260,191,69
64011,1312,1027,285
64012,9386,6958,2428
64014,8224,6378,1846
64015,10550,8183,2367
64016,1509,1187,322
64017,181,129,52
64018,337,270,67
64019,837,640,197
64020,1358,985,373
64021,349,236,113
64022,61,52,9
64024,6012,4394,1618
64029,2990,2345,645
64030,9727,6506,3221
64034,2075,1753,322
64035,410,296,114
64036,128,88,40
64037,2307,1562,745
64040,2281,1705,576
64048,1439,1167,272
64050,9772,6050,3722
64052,9562,5485,4077
64053,2535,1441,1094
64054,1830,1072,758
64055,14776,9702,5074
64056,5373,4256,1117
64057,4290,3092,1198
64058,2084,1707,377
64060,3377,2853,524
64061,979,803,176
64062,2051,1618,433
64063,7755,5485,2270
64064,4200,3374,826
64066,29,22,7
64067,2307,1626,681
64068,12099,8878,3221
64070,869,675,194
64071,290,245,45
64072,49,30,19
64074,216,168,48
64075,3235,2570,665
64076,3268,2431,837
64077,747,585,162
64078,2463,2066,397
64079,3055,2381,674
64080,3625,2795,830
64081,7105,4756,2349
64082,1964,1696,268
64083,4626,3651,975
64084,529,439,90
64085,3528,2418,1110
64086,7213,5571,1642
64088,504,408,96
64089,2824,2218,606
64090,35,27,8
64093,8921,5316,3605
64096,418,302,116
64097,618,425,193
64098,1158,836,322
64101,17,17,0
64102,0,0,0
64105,1962,310,1652
64106,2298,1053,1245
64108,2757,1305,1452
64109,5200,2433,2767
64110,7135,3845,3290
64111,10256,2630,7626
64112,5632,1420,4212
64113,4725,3233,1492
64114,11969,5831,6138
64116,7504,3943,3561
64117,5602,3605,1997
64118,16627,10687,5940
64119,10262,7310,2952
64120,206,99,107
64123,3854,2434,1420
64124,4804,2963,1841
64125,815,549,266
64126,2464,1565,899
64127,7667,4871,2796
64128,5666,3600,2066
64129,4045,2587,1458
64130,9950,6494,3456
64131,10333,5745,4588
64132,6202,4069,2133
64133,14770,9513,5257
64134,8854,6187,2667
64136,467,297,170
64137,4033,2600,1433
64138,10140,6715,3425
64139,258,206,52
64145,1776,1206,570
64146,712,395,317
64147,246,186,60
64149,105,99,6
64150,1187,661,526
64151,9650,6231,3419
64152,8625,6632,1993
64153,1465,953,512
64154,2046,1174,872
64155,6095,4776,1319
64156,449,326,123
64157,957,856,101
64158,792,650,142
64161,180,124,56
64163,343,161,182
64164,96,56,40
64165,25,13,12
64166,93,86,7
64167,134,117,17
64192,7,7,0
64401,518,391,127
64402,1108,715,393
64421,349,249,100
64422,152,120,32
64423,302,211,91
64424,1752,1190,562
64426,177,126,51
64427,232,183,49
64428,421,316,105
64429,3278,2265,1013
64430,315,231,84
64431,193,121,72
64432,27,25,2
64433,21,7,14
64434,161,122,39
64436,338,265,73
64437,416,291,125
64438,89,73,16
64439,578,417,161
64440,280,213,67
64441,80,58,22
64442,344,248,96
64443,440,343,97
64444,577,451,126
64445,149,91,58
64446,502,353,149
64448,432,330,102
64449,197,116,81
64451,210,152,58
64453,90,60,30
64454,864,660,204
64455,198,154,44
64456,688,477,211
64457,134,110,24
64458,80,65,15
64459,200,129,71
64461,418,308,110
64463,650,465,185
64465,1545,1197,348
64466,224,152,72
64467,75,58,17
64468,5057,2693,2364
64469,828,589,239
64470,744,469,275
64471,223,158,65
64473,623,439,184
64474,359,269,90
64475,214,124,90
64476,172,120,52
64477,1267,908,359
64479,366,272,94
64480,149,114,35
64481,472,334,138
64482,992,630,362
64483,245,186,59
64484,470,353,117
64485,2922,2116,806
64486,177,102,75
64487,350,233,117
64489,733,547,186
64490,779,609,170
64491,938,605,333
64492,459,347,112
64493,212,178,34
64494,401,270,131
64496,79,47,32
64497,181,143,38
64498,174,131,43
64499,69,47,22
64501,4969,2813,2156
64503,4857,3400,1457
64504,4230,2980,1250
64505,4728,3372,1356
64506,8469,5324,3145
64507,5404,3513,1891
64601,4671,3062,1609
64620,161,113,48
64622,288,218,70
64623,304,232,72
64624,674,463,211
64625,294,203,91
64628,2636,1691,945
64630,309,217,92
64631,460,304,156
64632,346,236,110
64633,2285,1526,759
64635,206,142,64
64636,102,74,28
64637,266,183,83
64638,251,180,71
64639,96,73,23
64640,1368,955,413
64641,309,208,101
64642,341,238,103
64643,435,319,116
64644,1162,801,361
64645,117,89,28
64646,154,116,38
64647,131,92,39
64648,675,502,173
64649,276,216,60
64650,266,186,80
64651,333,247,86
64652,201,140,61
64653,295,200,95
64655,116,80,36
64656,158,110,48
64657,167,131,36
64658,1456,1020,436
64659,378,270,108
64660,235,157,78
64661,453,310,143
64664,115,82,33
64667,187,133,54
64668,664,447,217
64670,428,308,120
64671,675,499,176
64672,109,78,31
64673,963,629,334
64674,206,141,65
64676,100,70,30
64679,331,241,90
64681,102,64,38
64682,140,109,31
64683,3544,2312,1232
64686,115,94,21
64688,209,135,74
64689,201,154,47
64701,5017,3648,1369
64720,1370,1032,338
64722,196,132,64
64723,285,201,84
64724,872,614,258
64725,681,521,160
64726,222,173,49
64728,243,182,61
64730,2890,1968,922
64733,421,295,126
64734,654,533,121
64735,5439,3660,1779
64738,507,387,120
64739,355,260,95
64740,853,625,228
64741,185,122,63
64742,829,643,186
64743,113,77,36
64744,3284,2226,1058
64745,22,14,8
64746,551,440,111
64747,1406,1073,333
64748,646,421,225
64750,160,107,53
64751,76,64,12
64752,322,237,85
64755,1056,780,276
64756,306,230,76
64759,3221,2271,950
64761,568,404,164
64762,630,465,165
64763,569,350,219
64767,273,219,54
64769,254,189,65
64770,463,296,167
64771,208,159,49
64772,5132,3355,1777
64776,1567,1065,502
64778,129,106,23
64779,1101,741,360
64780,235,183,52
64781,47,35,12
64783,348,221,127
64784,545,413,132
64788,495,366,129
64790,319,240,79
64801,13062,8243,4819
64804,14254,9583,4671
64830,202,163,39
64831,2173,1654,519
64832,326,257,69
64833,41,28,13
64834,2527,2041,486
64835,686,482,204
64836,8450,5974,2476
64840,978,786,192
64841,179,129,50
64842,354,272,82
64843,1209,889,320
64844,1709,1257,452
64847,180,105,75
64848,226,186,40
64849,34,24,10
64850,8037,5757,2280
64854,1436,1014,422
64855,620,525,95
64856,1397,992,405
64857,114,84,30
64858,56,44,12
64859,442,318,124
64861,488,368,120
64862,1208,893,315
64863,632,472,160
64865,2081,1595,486
64866,489,344,145
64867,462,307,155
64870,4424,3075,1349
64873,317,251,66
64874,351,251,100
65001,182,142,40
65010,1474,1088,386
65011,770,640,130
65013,1371,926,445
65014,945,662,283
65016,519,397,122
65017,484,357,127
65018,2867,2085,782
65020,4824,3395,1429
65023,605,450,155
65024,435,299,136
65025,312,219,93
65026,4965,3295,1670
65032,518,405,113
65034,190,141,49
65035,561,456,105
65036,98,60,38
65037,2040,1422,618
65039,874,680,194
65040,429,342,87
65041,2483,1689,794
65043,3304,2506,798
65046,475,320,155
65047,554,370,184
65048,45,35,10
65049,2177,1451,726
65050,157,126,31
65051,1792,1245,547
65052,1214,938,276
65053,451,393,58
65054,184,140,44
65058,431,305,126
65059,285,223,62
65061,262,177,85
65062,7,7,0
65063,1068,818,250
65064,226,186,40
65065,2203,1491,712
65066,2500,1781,719
65067,157,106,51
65068,261,176,85
65069,305,226,79
65072,808,550,258
65074,1045,775,270
65075,275,202,73
65076,298,255,43
65077,203,158,45
65078,1456,994,462
65079,2198,1592,606
65080,287,197,90
65081,1226,841,385
65082,400,282,118
65083,126,94,32
65084,2422,1685,737
65085,368,268,100
65101,10145,6399,3746
65109,14457,9671,4786
65201,12611,5203,7408
65202,14273,9160,5113
65203,18719,11661,7058
65230,292,214,78
65231,1194,896,298
65232,86,69,17
65233,3767,2592,1175
65236,653,408,245
65237,373,270,103
65239,467,337,130
65240,2674,2062,612
65243,836,678,158
65244,201,136,65
65246,54,37,17
65247,267,163,104
65248,1666,1120,546
65250,253,189,64
65251,7029,4811,2218
65254,759,516,243
65255,1144,808,336
65256,561,453,108
65257,624,462,162
65258,219,160,59
65259,990,747,243
65260,201,155,46
65261,489,307,182
65262,184,141,43
65263,722,544,178
65264,364,282,82
65265,6388,4338,2050
65270,6414,4209,2205
65274,703,489,214
65275,1062,718,344
65276,562,405,157
65278,66,50,16
65279,571,421,150
65280,79,59,20
65281,1270,877,393
65282,64,49,15
65283,221,170,51
65284,851,621,230
65285,269,217,52
65286,65,50,15
65287,137,103,34
65301,12820,8526,4294
65305,942,909,33
65320,55,30,25
65321,158,101,57
65322,280,190,90
65323,362,271,91
65324,711,555,156
65325,1153,821,332
65326,938,595,343
65327,96,78,18
65329,150,107,43
65330,205,149,56
65332,563,430,133
65333,304,248,56
65334,275,223,52
65335,121,74,47
65336,2037,1428,609
65337,728,509,219
65338,1195,885,310
65339,333,229,104
65340,5758,3778,1980
65344,125,83,42
65345,138,125,13
65347,245,197,48
65348,514,393,121
65349,1173,724,449
65350,593,483,110
65351,984,743,241
65354,94,71,23
65355,4048,2786,1262
65360,1897,1385,512
65401,10793,6875,3918
65436,45,27,18
65438,1162,868,294
65439,126,95,31
65440,252,190,62
65441,1644,1215,429
65443,46,35,11
65444,405,307,98
65446,135,113,22
65449,208,141,67
65452,1174,843,331
65453,3159,2281,878
65456,239,178,61
65457,34,19,15
65459,3041,2324,717
65461,33,15,18
65462,518,404,114
65463,332,262,70
65464,165,125,40
65466,732,463,269
65468,19,13,6
65470,389,304,85
65473,2648,2333,315
65479,143,100,43
65483,1988,1351,637
65484,68,53,15
65486,1199,892,307
65501,80,62,18
65529,105,71,34
65532,27,27,0
65534,300,243,57
65535,592,446,146
65536,10481,7510,2971
65540,144,123,21
65541,71,63,8
65542,1920,1363,557
65543,87,68,19
65548,2223,1530,693
65550,1361,942,419
65552,625,438,187
65555,397,293,104
65556,2120,1489,631
65557,86,46,40
65559,3319,2332,987
65560,5438,3838,1600
65564,76,59,17
65565,2037,1443,594
65566,340,244,96
65567,483,372,111
65570,226,179,47
65571,913,642,271
65580,363,264,99
65582,813,567,246
65583,5374,3758,1616
65588,986,717,269
65589,94,79,15
65590,535,434,101
65591,326,239,87
65601,304,220,84
65603,80,57,23
65604,1410,1062,348
65605,4635,3250,1385
65606,1326,915,411
65608,3672,2529,1143
65609,281,226,55
65610,1664,1307,357
65611,805,640,165
65612,447,397,50
65613,5462,3881,1581
65614,211,163,48
65616,7249,4886,2363
65617,507,412,95
65618,82,58,24
65619,1653,1273,380
65620,139,123,16
65622,3036,2165,871
65623,13,7,6
65624,190,135,55
65625,2960,2102,858
65626,595,431,164
65627,235,139,96
65629,298,211,87
65630,53,45,8
65631,918,696,222
65632,1004,783,221
65633,1290,952,338
65634,320,204,116
65635,225,174,51
65637,479,361,118
65638,181,133,48
65640,275,204,71
65641,621,478,143
65644,1015,732,283
65646,726,555,171
65647,913,693,220
65648,1660,1293,367
65649,581,435,146
65650,482,371,111
65652,1142,876,266
65653,2058,1379,679
65655,1270,932,338
65656,2248,1673,575
65657,50,35,15
65658,440,338,102
65659,148,114,34
65660,80,75,5
65661,1135,724,411
65662,497,377,120
65663,648,514,134
65664,17,15,2
65667,1256,868,388
65668,746,539,207
65669,667,552,115
65672,2970,1927,1043
65674,950,641,309
65675,45,33,12
65676,224,174,50
65679,876,719,157
65680,428,327,101
65681,941,722,219
65682,821,613,208
65685,390,282,108
65686,1953,1404,549
65689,1955,1366,589
65690,225,171,54
65692,523,378,145
65701,11,7,4
65702,154,121,33
65704,1482,1077,405
65705,1491,1105,386
65706,4865,3670,1195
65707,881,639,242
65708,4324,3107,1217
65710,392,265,127
65711,3795,2657,1138
65712,2839,2033,806
65713,893,681,212
65714,7943,6231,1712
65715,65,40,25
65717,874,707,167
65720,190,143,47
65721,7098,5481,1617
65722,577,466,111
65723,1405,996,409
65724,643,411,232
65725,882,694,188
65727,48,31,17
65728,38,29,9
65729,116,65,51
65730,48,17,31
65731,138,106,32
65732,329,245,84
65733,229,176,53
65734,1201,881,320
65735,83,59,24
65737,2648,2000,648
65738,4289,3295,994
65739,454,337,117
65740,1093,723,370
65742,3329,2616,713
65744,64,54,10
65745,910,658,252
65746,2298,1839,459
65747,1776,1278,498
65752,178,132,46
65753,1504,1102,402
65754,209,189,20
65755,160,119,41
65756,297,235,62
65757,2250,1738,512
65759,427,318,109
65760,245,175,70
65761,585,421,164
65762,179,138,41
65764,477,366,111
65766,58,48,10
65767,765,580,185
65768,161,132,29
65769,998,813,185
65770,1098,837,261
65771,335,269,66
65772,853,628,225
65773,297,218,79
65774,467,330,137
65775,9095,6558,2537
65777,126,116,10
65778,212,180,32
65779,853,561,292
65781,2287,1796,491
65783,84,67,17
65784,7,5,2
65785,2134,1522,612
65786,781,593,188
65787,514,400,114
65788,161,124,37
65789,718,611,107
65790,250,191,59
65791,1696,1165,531
65793,2367,1713,654
65802,15673,9553,6120
65803,15242,9978,5264
65804,16648,9567,7081
65806,5346,1613,3733
65807,20176,11663,8513
65809,3412,2867,545
65810,5804,4657,1147
66002,5021,3307,1714
66006,2054,1568,486
66007,1433,1166,267
66008,134,108,26
66010,222,148,74
66012,3508,2693,815
66013,589,487,102
66014,159,130,29
66015,296,242,54
66016,213,172,41
66017,164,108,56
66018,1573,1246,327
66019,124,47,77
66020,562,466,96
66021,773,630,143
66023,429,333,96
66024,330,237,93
66025,2156,1550,606
66026,288,247,41
66027,1545,1499,46
66030,3983,2983,1000
66032,2046,1401,645
66033,305,207,98
66035,433,261,172
66039,245,185,60
66040,1206,902,304
66041,271,205,66
66042,170,145,25
66043,2377,1928,449
66044,11515,4543,6972
66046,7844,4507,3337
66047,6219,3645,2574
66048,12481,8413,4068
66049,8270,5191,3079
66050,541,411,130
66052,692,541,151
66053,2029,1637,392
66054,1010,819,191
66056,746,544,202
66058,172,124,48
66060,407,322,85
66061,15208,11179,4029
66062,18408,14903,3505
66064,2490,1653,837
66066,986,714,272
66067,6016,4165,1851
66070,842,673,169
66071,4283,3162,1121
66072,392,299,93
66073,878,640,238
66075,886,645,241
66076,786,592,194
66077,21,14,7
66078,355,291,64
66079,269,227,42
66080,368,307,61
66083,2110,1757,353
66085,1778,1592,186
66086,2491,1953,538
66087,804,573,231
66088,937,669,268
66090,1018,705,313
66091,158,113,45
66092,1368,1067,301
66093,223,172,51
66094,210,138,72
66095,366,253,113
66097,421,329,92
66101,5232,3092,2140
66102,10624,6795,3829
66103,6632,3143,3489
66104,10363,7038,3325
66105,988,718,270
66106,8790,6470,2320
66109,5676,4567,1109
66111,4162,2930,1232
66112,4824,3048,1776
66115,0,0,0
66118,0,0,0
66202,8158,4103,4055
66203,8588,5412,3176
66204,8629,4692,3937
66205,6396,3886,2510
66206,3865,2903,962
66207,5333,3869,1464
66208,9383,6118,3265
66209,6571,5289,1282
66210,7566,4762,2804
66211,1441,971,470
66212,14688,8889,5799
66213,9877,6939,2938
66214,5401,3186,2215
66215,9838,6652,3186
66216,8370,6621,1749
66217,1577,1182,395
66218,1121,968,153
66219,3122,2112,1010
66220,519,460,59
66221,1753,1678,75
66223,4089,3530,559
66224,2096,1783,313
66226,2220,1941,279
66227,578,482,96
66401,704,518,186
66402,942,774,168
66403,304,234,70
66404,203,161,42
66406,209,145,64
66407,193,127,66
66408,196,154,42
66409,936,819,117
66411,566,400,166
66412,138,103,35
66413,772,534,238
66414,1158,868,290
66415,360,230,130
66416,190,137,53
66417,122,108,14
66418,196,156,40
66419,163,136,27
66422,211,165,46
66423,358,249,109
66424,240,156,84
66425,240,171,69
66427,583,402,181
66428,174,113,61
66429,228,196,32
66431,270,209,61
66432,177,132,45
66434,2143,1446,697
66436,2183,1529,654
66438,58,45,13
66439,1090,703,387
66440,654,559,95
66441,8710,6048,2662
66442,2076,2059,17
66449,298,214,84
66450,62,45,17
66451,657,474,183
66501,115,72,43
66502,15882,7729,8153
66503,4254,3048,1206
66506,0,0,0
66507,364,285,79
66508,1926,1229,697
66509,806,641,165
66510,327,230,97
66512,1172,927,245
66514,616,489,127
66515,181,152,29
66516,124,105,19
66517,658,447,211
66518,89,70,19
66520,209,167,42
66521,650,422,228
66522,17,12,5
66523,1602,1117,485
66524,924,713,211
66526,263,206,57
66527,146,119,27
66528,330,268,62
66531,478,356,122
66532,324,231,93
66533,622,472,150
66534,1291,896,395
66535,902,643,259
66536,988,702,286
66537,536,392,144
66538,1356,926,430
66539,973,788,185
66540,223,163,60
66541,96,70,26
66542,1056,876,180
66543,287,243,44
66544,149,105,44
66546,422,351,71
66547,2444,1831,613
66548,408,270,138
66549,574,414,160
66550,261,195,66
66552,161,91,70
66554,241,157,84
66603,867,365,502
66604,10292,5919,4373
66605,7225,5238,1987
66606,5677,2933,2744
66607,3332,2198,1134
66608,2443,1509,934
66609,2978,1914,1064
66610,2371,2101,270
66611,4750,2676,2074
66612,1580,520,1060
66614,12878,8211,4667
66615,559,466,93
66616,2587,1698,889
66617,3005,2471,534
66618,2656,2240,416
66619,1050,813,237
66701,4997,3332,1665
66710,382,270,112
66711,305,223,82
66712,903,545,358
66713,2363,1653,710
66714,69,39,30
66716,219,143,76
66717,220,168,52
66720,4761,3249,1512
66724,394,246,148
66725,2483,1705,778
66732,150,114,36
66733,938,669,269
66734,97,84,13
66735,161,103,58
66736,1781,1189,592
66738,182,119,63
66739,2300,1658,642
66740,145,119,26
66741,101,89,12
66743,1626,1166,460
66746,104,86,18
66748,1177,778,399
66749,3442,2266,1176
66751,376,278,98
66753,434,347,87
66754,180,105,75
66755,488,352,136
66756,424,295,129
66757,1585,1075,510
66758,104,86,18
66759,18,13,5
66760,40,23,17
66761,116,78,38
66762,9882,5669,4213
66763,1147,768,379
66767,225,134,91
66769,197,153,44
66770,404,292,112
66771,359,262,97
66772,100,66,34
66773,347,258,89
66775,101,73,28
66776,405,338,67
66777,303,168,135
66778,60,40,20
66779,238,177,61
66780,268,186,82
66781,603,411,192
66782,105,76,29
66783,1091,705,386
66801,11571,7173,4398
66830,126,88,38
66833,221,163,58
66834,392,292,100
66835,521,398,123
66838,87,58,29
66839,1615,1129,486
66840,283,226,57
66842,131,101,30
66843,117,75,42
66845,485,318,167
66846,1693,1170,523
66849,228,156,72
66850,121,69,52
66851,308,226,82
66852,289,194,95
66853,203,157,46
66854,395,273,122
66856,632,479,153
66857,395,286,109
66858,187,130,57
66859,75,50,25
66860,569,374,195
66861,1365,965,400
66862,83,48,35
66863,33,25,8
66864,209,140,69
66865,393,295,98
66866,741,522,219
66868,327,240,87
66869,347,249,98
66870,97,69,28
66871,560,403,157
66872,425,326,99
66901,2849,1813,1036
66930,70,58,12
66932,90,72,18
66933,180,109,71
66935,1260,787,473
66936,241,153,88
66937,402,260,142
66938,462,314,148
66939,313,230,83
66940,182,128,54
66941,146,88,58
66942,139,85,54
66943,221,137,84
66944,119,75,44
66945,435,293,142
66946,71,53,18
66948,254,187,67
66949,318,199,119
66951,348,229,119
66952,308,220,88
66953,280,196,84
66955,52,35,17
66956,592,365,227
66958,149,98,51
66959,116,81,35
66960,94,54,40
66962,113,81,32
66963,85,61,24
66964,142,93,49
66966,284,182,102
66967,1041,701,340
66968,793,524,269
66970,60,51,9
67001,333,263,70
67002,3288,2666,622
67003,1256,809,447
67004,389,267,122
67005,6521,4424,2097
67008,292,242,50
67009,348,238,110
67010,4901,3658,1243
67012,14,0,14
67013,1207,926,281
67016,143,106,37
67017,641,507,134
67018,61,40,21
67019,395,279,116
67020,687,506,181
67021,39,33,6
67022,779,455,324
67023,99,74,25
67024,430,302,128
67025,1271,990,281
67026,1600,1260,340
67028,107,80,27
67029,466,285,181
67030,678,587,91
67031,800,591,209
67035,436,314,122
67036,66,39,27
67037,7793,6238,1555
67038,233,166,67
67039,1272,979,293
67041,82,69,13
67042,6546,4384,2162
67045,1734,1132,602
67047,380,238,142
67049,38,27,11
67050,593,457,136
67051,190,141,49
67052,1838,1516,322
67053,207,142,65
67054,896,582,314
67056,1020,745,275
67057,112,80,32
67058,942,612,330
67059,326,223,103
67060,4182,3272,910
67061,93,70,23
67062,1381,1024,357
67063,1422,999,423
67065,95,78,17
67066,126,93,33
67067,413,374,39
67068,1875,1302,573
67070,512,349,163
67071,57,36,21
67072,163,114,49
67073,119,98,21
67074,573,456,117
67101,832,706,126
67102,18,14,4
67103,131,112,19
67104,1161,805,356
67105,85,71,14
67106,133,116,17
67107,1069,788,281
67108,713,560,153
67109,165,126,39
67110,2860,2246,614
67111,138,91,47
67112,137,111,26
67114,8156,5744,2412
67117,566,307,259
67118,335,261,74
67119,658,492,166
67120,431,368,63
67122,104,85,19
67123,295,216,79
67124,3320,2146,1174
67127,335,229,106
67128,41,38,3
67131,34,20,14
67132,131,108,23
67133,1940,1643,297
67134,135,110,25
67135,1153,914,239
67137,322,235,87
67138,205,121,84
67140,335,262,73
67142,149,97,52
67143,42,25,17
67144,1025,836,189
67146,662,508,154
67147,2842,2268,574
67149,327,253,74
67150,10,6,4
67151,232,169,63
67152,3938,2743,1195
67154,507,421,86
67155,99,61,38
67156,5731,3892,1839
67159,61,43,18
67202,464,67,397
67203,13446,7202,6244
67204,7969,5514,2455
67205,2770,2403,367
67206,5561,3736,1825
67207,10082,5868,4214
67208,8161,4733,3428
67209,4749,3606,1143
67210,3463,2747,716
67211,9146,5050,4096
67212,17594,12551,5043
67213,9318,5184,4134
67214,6864,3988,2876
67215,1435,1220,215
67216,9481,6589,2892
67217,11730,8234,3496
67218,10638,5731,4907
67219,3783,2868,915
67220,4537,3187,1350
67226,5827,4095,1732
67230,2167,1887,280
67233,0,0,0
67235,1910,1755,155
67301,5584,3777,1807
67330,600,444,156
67332,92,73,19
67333,1192,855,337
67334,35,23,12
67335,1482,1007,475
67336,738,472,266
67337,5966,3885,2081
67340,178,120,58
67341,140,113,27
67342,399,309,90
67344,364,288,76
67345,80,53,27
67346,191,124,67
67347,196,147,49
67349,513,338,175
67351,155,131,24
67352,279,183,96
67353,298,204,94
67354,277,198,79
67355,119,77,42
67356,1151,778,373
67357,5756,3787,1969
67360,169,120,49
67361,905,603,302
67363,26,21,5
67364,85,67,18
67401,19863,13087,6776
67410,4126,2806,1320
67416,420,352,68
67417,89,56,33
67418,112,77,35
67420,2042,1317,725
67422,424,348,76
67423,144,99,45
67425,313,207,106
67427,191,143,48
67428,588,474,114
67430,343,228,115
67431,874,669,205
67432,2660,1782,878
67436,303,230,73
67437,591,358,233
67438,108,88,20
67439,1244,836,408
67441,414,303,111
67442,108,58,50
67443,554,464,90
67444,262,179,83
67445,290,204,86
67446,324,237,87
67447,133,108,25
67448,531,411,120
67449,1418,884,534
67450,275,176,99
67451,424,306,118
67452,103,74,29
67454,289,196,93
67455,930,619,311
67456,1703,1159,544
67457,329,231,98
67458,103,73,30
67459,94,73,21
67460,6163,4308,1855
67464,379,252,127
67466,364,240,124
67467,1201,812,389
67468,116,85,31
67470,240,187,53
67473,824,528,296
67474,104,72,32
67475,76,65,11
67478,38,27,11
67480,680,487,193
67481,293,207,86
67482,43,25,18
67483,161,110,51
67484,374,265,109
67485,167,114,53
67487,500,384,116
67490,436,278,158
67491,154,128,26
67492,124,92,32
67501,10675,6805,3870
67502,9388,6683,2705
67505,1136,661,475
67510,149,114,35
67511,157,115,42
67512,106,80,26
67513,38,20,18
67514,311,226,85
67515,56,35,21
67516,210,129,81
67518,49,34,15
67519,87,59,28
67520,142,103,39
67521,87,66,21
67522,721,594,127
67523,157,107,50
67524,259,198,61
67525,454,331,123
67526,1161,790,371
67529,175,143,32
67530,7809,5121,2688
67543,756,562,194
67544,1537,1010,527
67545,116,70,46
67546,971,762,209
67547,929,560,369
67548,659,426,233
67550,2248,1462,786
67552,290,220,70
67553,43,19,24
67554,1800,1227,573
67556,179,122,57
67557,287,209,78
67559,36,20,16
67560,814,511,303
67561,611,485,126
67563,154,117,37
67564,152,112,40
67565,227,159,68
67566,198,144,54
67567,264,202,62
67568,115,92,23
67570,505,388,117
67572,245,152,93
67573,78,58,20
67574,114,78,36
67575,242,148,94
67576,824,523,301
67578,702,445,257
67579,1137,781,356
67581,211,163,48
67583,507,341,166
67584,150,111,39
67601,9390,5597,3793
67621,199,134,65
67622,268,184,84
67623,145,97,48
67625,147,95,52
67626,87,57,30
67628,42,33,9
67629,62,39,23
67631,123,68,55
67632,96,67,29
67634,155,93,62
67635,83,59,24
67637,1023,715,308
67638,118,73,45
67639,75,63,12
67640,214,136,78
67642,824,532,292
67643,149,83,66
67644,123,87,36
67645,284,197,87
67646,307,215,92
67647,126,99,27
67648,270,178,92
67649,178,95,83
67650,143,104,39
67651,267,170,97
67653,158,101,57
67654,1645,1047,598
67656,88,83,5
67657,182,125,57
67658,60,42,18
67659,61,41,20
67660,29,9,20
67661,1525,1019,506
67663,1178,793,385
67664,115,83,32
67665,2307,1484,823
67667,79,59,20
67669,811,521,290
67670,20,20,0
67671,657,456,201
67672,1072,681,391
67673,49,36,13
67674,24,20,4
67675,113,65,48
67701,2637,1748,889
67730,812,525,287
67731,354,221,133
67732,214,154,60
67733,80,53,27
67734,80,51,29
67735,2498,1590,908
67736,108,67,41
67737,213,156,57
67738,262,184,78
67739,161,103,58
67740,768,540,228
67741,164,123,41
67743,70,54,16
67744,117,84,33
67745,150,103,47
67747,82,60,22
67748,1101,751,350
67749,1122,741,381
67751,128,82,46
67752,588,430,158
67753,199,141,58
67756,1008,716,292
67757,213,142,71
67758,492,356,136
67761,100,69,31
67762,122,88,34
67764,172,128,44
67801,9653,7050,2603
67831,509,343,166
67834,377,263,114
67835,983,723,260
67836,57,36,21
67837,316,262,54
67838,409,336,73
67839,756,496,260
67840,59,39,20
67841,115,98,17
67842,199,148,51
67844,366,243,123
67846,12098,9133,2965
67849,168,126,42
67850,158,124,34
67851,785,666,119
67853,313,254,59
67854,538,380,158
67855,746,558,188
67857,95,66,29
67859,254,205,49
67860,1077,815,262
67861,841,628,213
67862,131,103,28
67863,131,115,16
67864,858,623,235
67865,426,308,118
67867,547,421,126
67868,31,24,7
67869,520,403,117
67870,658,517,141
67871,2077,1476,601
67876,440,317,123
67877,755,588,167
67878,928,630,298
67879,569,384,185
67880,2744,2126,618
67882,144,111,33
67901,7148,5336,1812
67950,989,732,257
67951,1700,1242,458
67952,230,185,45
67953,52,34,18
67954,261,198,63
68001,67,48,19
68002,797,617,180
68003,1574,1106,468
68004,405,273,132
68005,9456,6431,3025
68007,789,637,152
68008,4116,2985,1131
68010,41,34,7
68014,115,79,36
68015,480,343,137
68016,153,120,33
68017,612,502,110
68018,206,167,39
68019,248,185,63
68020,382,265,117
68022,3016,2576,440
68023,851,655,196
68025,11774,7925,3849
68028,1772,1451,321
68029,415,312,103
68030,324,247,77
68031,753,571,182
68033,135,112,23
68034,260,201,59
68035,55,33,22
68036,160,111,49
68037,804,582,222
68038,649,457,192
68039,309,249,60
68040,125,92,33
68041,320,271,49
68042,52,29,23
68044,263,183,80
68045,809,594,215
68046,6496,5191,1305
68047,774,567,207
68048,4479,3293,1186
68050,265,202,63
68054,23,18,5
68055,138,91,47
68057,656,429,227
68058,36,31,5
68059,1038,862,176
68061,1143,811,332
68062,106,75,31
68063,136,85,51
68064,1257,864,393
68065,512,374,138
68066,1988,1316,672
68067,438,342,96
68068,62,54,8
68069,883,601,282
68070,314,223,91
68071,445,363,82
68073,606,493,113
68102,2393,394,1999
68104,14134,9071,5063
68105,10113,5140,4973
68106,9353,5031,4322
68107,9549,6268,3281
68108,5171,3057,2114
68110,3035,1907,1128
68111,9149,6445,2704
68112,4600,3122,1478
68113,316,297,19
68114,8391,4301,4090
68116,3137,2362,775
68117,3166,2156,1010
68118,2589,2254,335
68122,1901,1495,406
68123,8214,6673,1541
68124,6469,4147,2322
68127,10051,5666,4385
68128,4465,3207,1258
68130,3687,3119,568
68131,5761,2237,3524
68132,6061,2966,3095
68133,1298,1213,85
68134,12042,7183,4859
68135,3903,3674,229
68136,831,683,148
68137,9367,6978,2389
68138,4156,3267,889
68142,611,489,122
68144,10097,7187,2910
68147,3657,2712,945
68152,2454,1920,534
68154,9880,6220,3660
68157,1849,1464,385
68164,9791,6823,2968
68301,451,347,104
68303,146,89,57
68304,117,87,30
68305,1840,1215,625
68307,255,173,82
68309,48,29,19
68310,6128,3870,2258
68313,361,264,97
68314,133,95,38
68315,69,42,27
68316,189,165,24
68317,517,429,88
68318,255,158,97
68319,259,203,56
68320,214,144,70
68321,181,124,57
68322,222,147,75
68323,138,94,44
68324,98,46,52
68325,116,97,19
68326,129,99,30
68327,170,100,70
68328,205,159,46
68329,335,236,99
68330,52,36,16
68331,332,261,71
68332,70,49,21
68333,2594,1730,864
68335,267,203,64
68336,226,185,41
68337,190,137,53
68338,164,105,59
68339,361,279,82
68340,486,318,168
68341,442,336,106
68342,250,180,70
68343,451,335,116
68344,157,121,36
68345,94,61,33
68346,229,171,58
68347,759,653,106
68348,138,101,37
68349,414,310,104
68350,99,84,15
68351,406,288,118
68352,2435,1566,869
68354,424,273,151
68355,2391,1507,884
68357,186,142,44
68358,475,400,75
68359,656,477,179
68360,192,147,45
68361,1108,747,361
68362,30,20,10
68364,82,50,32
68365,104,73,31
68366,396,293,103
68367,236,176,60
68368,211,159,52
68370,912,594,318
68371,620,451,169
68372,678,564,114
68374,85,75,10
68375,69,61,8
68376,717,466,251
68377,205,165,40
68378,311,195,116
68380,35,31,4
68381,104,80,24
68401,276,186,90
68402,392,344,48
68403,78,56,22
68404,384,310,74
68405,1168,803,365
68406,221,128,93
68407,304,228,76
68409,266,211,55
68410,3364,2262,1102
68413,220,175,45
68414,127,89,38
68415,264,214,50
68416,120,69,51
68417,113,80,33
68418,338,250,88
68419,140,111,29
68420,676,414,262
68421,313,178,135
68422,191,142,49
68423,315,241,74
68424,324,246,78
68428,404,324,80
68430,401,335,66
68431,173,97,76
68433,126,82,44
68434,2924,2015,909
68436,252,195,57
68437,154,103,51
68439,201,151,50
68440,64,36,28
68441,115,86,29
68442,145,104,41
68443,401,285,116
68444,45,33,12
68445,76,42,34
68446,1005,705,300
68447,236,146,90
68448,168,119,49
68450,1001,641,360
68452,53,38,15
68453,141,95,46
68454,260,194,66
68455,273,235,38
68456,432,314,118
68457,166,120,46
68458,71,55,16
68460,350,268,82
68461,218,175,43
68462,1008,831,177
68463,625,438,187
68464,234,173,61
68465,936,598,338
68466,895,595,300
68467,3809,2544,1265
68502,11728,6231,5497
68503,6246,3124,3122
68504,6530,3028,3502
68505,5698,3704,1994
68506,11564,7443,4121
68507,5401,3556,1845
68508,4636,1158,3478
68510,9543,5454,4089
68512,2788,1930,858
68516,11940,8889,3051
68517,189,163,26
68520,437,397,40
68521,9780,6451,3329
68522,2671,1914,757
68523,410,349,61
68524,1472,1241,231
68526,383,326,57
68527,289,222,67
68528,1688,971,717
68532,154,135,19
68601,10545,7335,3210
68620,1294,898,396
68621,179,140,39
68622,113,81,32
68623,125,78,47
68624,414,304,110
68626,281,207,74
68627,327,228,99
68628,351,241,110
68629,572,406,166
68631,225,163,62
68632,1502,989,513
68633,516,391,125
68634,128,89,39
68635,229,151,78
68636,612,418,194
68637,156,103,53
68638,757,532,225
68640,669,459,210
68641,461,331,130
68642,653,497,156
68643,418,295,123
68644,328,257,71
68647,271,209,62
68648,161,120,41
68649,731,526,205
68651,615,415,200
68652,316,220,96
68653,300,210,90
68654,262,180,82
68655,79,55,24
68658,288,209,79
68659,83,66,17
68660,505,351,154
68661,2243,1621,622
68662,474,345,129
68663,349,254,95
68664,136,84,52
68665,398,283,115
68666,654,448,206
68667,46,32,14
68669,196,140,56
68701,11730,7847,3883
68710,318,245,73
68711,97,74,23
68713,972,655,317
68714,611,404,207
68715,560,430,130
68716,467,325,142
68717,103,77,26
68718,847,579,268
68719,73,48,25
68720,165,136,29
68722,252,152,100
68723,267,186,81
68724,83,65,18
68725,248,180,68
68726,351,263,88
68727,344,204,140
68728,111,75,36
68729,791,540,251
68730,814,599,215
68731,831,641,190
68732,120,90,30
68733,533,400,133
68734,73,68,5
68735,431,321,110
68736,258,220,38
68737,43,31,12
68739,1174,853,321
68740,301,242,59
68741,264,212,52
68742,129,82,47
68743,248,175,73
68745,664,450,214
68746,225,153,72
68747,117,86,31
68748,1077,811,266
68752,344,241,103
68753,49,35,14
68755,137,95,42
68756,911,618,293
68757,340,221,119
68758,509,336,173
68759,143,106,37
68760,443,295,148
68761,193,138,55
68763,2038,1362,676
68764,326,229,97
68765,519,373,146
68766,199,140,59
68767,1171,860,311
68768,327,231,96
68769,850,563,287
68770,646,488,158
68771,648,478,170
68772,28,19,9
68773,80,60,20
68774,108,74,34
68776,5179,3697,1482
68777,391,263,128
68778,322,222,100
68779,917,672,245
68780,417,291,126
68781,629,450,179
68783,525,342,183
68784,848,612,236
68785,101,68,33
68786,460,306,154
68787,2231,1270,961
68788,2073,1447,626
68789,92,67,25
68790,328,227,101
68791,783,527,256
68792,191,127,64
68801,10334,7017,3317
68803,7941,5576,2365
68810,327,229,98
68812,314,248,66
68813,264,194,70
68814,329,238,91
68815,300,211,89
68816,88,70,18
68817,176,127,49
68818,2072,1531,541
68819,100,78,22
68820,187,129,58
68821,78,61,17
68822,2017,1347,670
68823,947,643,304
68824,499,394,105
68825,439,310,129
68826,1534,1103,431
68827,304,237,67
68828,157,107,50
68831,312,231,81
68832,691,564,127
68833,145,101,44
68834,105,83,22
68835,136,107,29
68836,676,478,198
68837,55,42,13
68838,157,119,38
68840,1040,777,263
68841,240,201,39
68842,289,190,99
68843,325,264,61
68844,97,64,33
68845,6061,3718,2343
68846,120,101,19
68847,5948,3717,2231
68850,3804,2790,1014
68852,233,179,54
68853,696,438,258
68854,299,236,63
68855,177,129,48
68856,240,181,59
68858,124,89,35
68859,254,173,81
68860,159,103,56
68861,53,40,13
68862,1349,882,467
68863,441,328,113
68864,476,349,127
68865,345,298,47
68866,347,264,83
68869,905,607,298
68870,191,164,27
68871,105,83,22
68872,321,263,58
68873,1380,928,452
68874,441,304,137
68875,258,187,71
68876,645,479,166
68878,167,111,56
68879,180,115,65
68881,29,26,3
68882,194,120,74
68883,837,614,223
68901,10420,6686,3734
68920,609,396,213
68922,624,421,203
68923,75,49,26
68924,597,447,150
68925,186,158,28
68926,345,221,124
68927,515,373,142
68928,172,125,47
68929,110,75,35
68930,569,405,164
68932,221,143,78
68933,429,324,105
68934,114,69,45
68935,348,225,123
68936,111,79,32
68937,801,602,199
68938,248,181,67
68939,536,356,180
68940,180,150,30
68941,348,274,74
68942,250,149,101
68943,132,108,24
68944,512,354,158
68945,94,64,30
68946,54,44,10
68947,245,171,74
68948,137,86,51
68949,2709,1832,877
68950,145,115,30
68952,74,42,32
68954,45,35,10
68955,558,459,99
68956,471,342,129
68957,254,174,80
68958,283,213,70
68959,1653,1178,475
68960,102,70,32
68961,395,242,153
68964,54,38,16
68966,336,205,131
68967,544,356,188
68970,694,436,258
68971,264,176,88
68972,118,75,43
68973,197,139,58
68974,119,87,32
68975,59,48,11
68976,111,83,28
68977,152,109,43
68978,1135,698,437
68979,761,549,212
68980,170,133,37
68981,157,123,34
68982,306,239,67
69001,3986,2658,1328
69020,207,157,50
69021,623,408,215
69022,688,464,224
69023,198,146,52
69024,462,372,90
69025,495,307,188
69026,89,64,25
69027,60,45,15
69028,360,263,97
69029,137,94,43
69030,146,94,52
69031,25,11,14
69032,251,189,62
69033,1047,718,329
69034,435,302,133
69036,75,56,19
69037,53,42,11
69038,187,138,49
69039,65,52,13
69040,257,171,86
69041,91,66,25
69042,24,19,5
69043,282,190,92
69044,391,256,135
69045,461,331,130
69046,106,72,34
69101,11686,7613,4073
69120,443,292,151
69121,148,107,41
69122,320,209,111
69123,371,287,84
69125,187,129,58
69127,332,219,113
69128,175,113,62
69129,621,419,202
69130,2274,1550,724
69131,258,150,108
69132,19,12,7
69133,164,117,47
69134,149,119,30
69135,22,20,2
69138,1781,1245,536
69140,745,501,244
69141,167,107,60
69142,54,35,19
69143,548,427,121
69144,102,73,29
69145,1399,919,480
69146,187,128,59
69147,378,220,158
69148,111,81,30
69149,359,243,116
69150,202,149,53
69151,309,234,75
69152,376,252,124
69153,2549,1735,814
69154,620,410,210
69155,413,308,105
69156,273,204,69
69157,37,27,10
69161,103,68,35
69162,3057,2009,1048
69163,340,256,84
69165,632,457,175
69166,204,138,66
69167,190,153,37
69168,111,77,34
69169,280,216,64
69170,115,92,23
69201,1690,1121,569
69210,1254,818,436
69211,154,117,37
69212,79,53,26
69214,81,57,24
69216,74,59,15
69217,207,131,76
69218,109,68,41
69219,1,1,0
69220,20,18,2
69221,91,64,27
69301,4233,2928,1305
69331,54,45,9
69333,63,51,12
69334,961,673,288
69335,48,36,12
69336,1039,716,323
69337,2696,1541,1155
69339,664,449,215
69340,47,38,9
69341,4243,2984,1259
69343,1267,867,400
69345,262,203,59
69346,275,194,81
69347,620,446,174
69348,691,504,187
69349,65,49,16
69350,180,132,48
69351,99,68,31
69352,285,192,93
69354,27,23,4
69355,61,49,12
69356,853,647,206
69357,1523,1133,390
69358,800,546,254
69360,629,413,216
69361,7216,4774,2442
69365,31,21,10
69366,71,57,14
69367,123,89,34
70001,18489,10029,8460
70002,8843,5205,3638
70003,16815,12267,4548
70005,12142,6709,5433
70006,7028,4692,2336
70030,1474,1165,309
70031,473,347,126
70032,3486,2236,1250
70036,511,389,122
70037,4153,3332,821
70038,78,67,11
70039,758,577,181
70040,673,505,168
70041,2222,1633,589
70043,12252,8904,3348
70047,4113,3482,631
70049,872,712,160
70050,196,130,66
70051,773,597,176
70052,1099,840,259
70053,6678,4110,2568
70056,14592,10913,3679
70057,980,761,219
70058,13970,11095,2875
70062,6585,4622,1963
70065,19583,14278,5305
70066,236,194,42
70067,1293,1015,278
70068,10023,8046,1977
70070,3899,3282,617
70071,1319,1050,269
70072,19295,15345,3950
70075,3030,2322,708
70076,140,105,35
70079,1351,991,360
70080,524,425,99
70082,236,200,36
70083,1281,993,288
70084,2585,1974,611
70085,2631,2066,565
70086,665,576,89
70087,2279,1740,539
70090,2401,1936,465
70091,162,126,36
70092,3666,2835,831
70094,11872,9004,2868
70112,2516,1271,1245
70113,3975,2079,1896
70114,10384,6800,3584
70115,18222,8734,9488
70116,8010,3326,4684
70117,18773,12094,6679
70118,15072,7980,7092
70119,18540,10086,8454
70121,5865,3222,2643
70122,17882,12100,5782
70123,12251,7516,4735
70124,10695,6234,4461
70125,8977,5350,3627
70126,14406,10658,3748
70127,11693,8120,3573
70128,6769,5375,1394
70129,4728,3672,1056
70130,7421,2670,4751
70131,10302,7399,2903
70163,0,0,0
70301,14347,10435,3912
70339,2562,1982,580
70341,1554,1202,352
70342,1668,1202,466
70343,1542,1302,240
70344,2401,1876,525
70345,4540,3641,899
70346,3684,2734,950
70353,731,620,111
70354,1771,1365,406
70355,358,279,79
70356,897,723,174
70357,1166,849,317
70358,612,430,182
70359,2104,1584,520
70360,7636,5757,1879
70363,8415,6699,1716
70364,10084,7209,2875
70372,985,736,249
70373,15,15,0
70374,3668,2747,921
70375,30,30,0
70377,1492,1156,336
70380,8190,5748,2442
70390,2601,1978,623
70391,50,35,15
70392,2591,1911,680
70393,140,111,29
70394,4934,3913,1021
70395,1458,1246,212
70397,553,460,93
70401,6799,4115,2684
70403,7508,5263,2245
70420,1813,1424,389
70422,4283,3135,1148
70426,1858,1436,422
70427,8362,5658,2704
70431,1703,1321,382
70433,8963,6534,2429
70435,3802,3071,731
70436,156,82,74
70437,2161,1733,428
70438,5608,4107,1501
70441,1768,1219,549
70442,132,112,20
70443,3442,2599,843
70444,3620,2647,973
70445,3350,2524,826
70446,1646,1276,370
70447,1476,1063,413
70448,7100,5479,1621
70449,1136,809,327
70450,857,637,220
70451,48,48,0
70452,4112,3174,938
70453,364,305,59
70454,7180,5431,1749
70455,481,329,152
70456,1086,824,262
70458,12513,9241,3272
70460,7147,5488,1659
70461,7897,6221,1676
70462,1670,1282,388
70463,54,34,20
70464,62,56,6
70465,173,123,50
70466,2440,1767,673
70471,6910,5449,1461
70501,11239,7149,4090
70503,9011,6022,2989
70506,15349,8946,6403
70507,5698,4213,1485
70508,10728,7155,3573
70510,9126,6582,2544
70512,3317,2547,770
70513,45,45,0
70514,980,747,233
70515,1162,839,323
70516,447,313,134
70517,8112,6081,2031
70518,3998,3064,934
70520,5108,3987,1121
70521,12,6,6
70523,231,175,56
70524,133,118,15
70525,4253,3213,1040
70526,7332,5345,1987
70528,1024,756,268
70529,3486,2624,862
70531,377,301,76
70532,1050,743,307
70533,2552,1997,555
70534,330,235,95
70535,6819,4925,1894
70537,260,204,56
70538,5497,4256,1241
70540,9,9,0
70541,175,119,56
70542,1462,1061,401
70543,1238,922,316
70544,4046,3094,952
70546,5890,4408,1482
70548,3892,2725,1167
70549,1665,1190,475
70550,111,69,42
70552,483,355,128
70554,2281,1557,724
70555,2501,2050,451
70556,278,206,72
70558,95,59,36
70559,760,602,158
70560,14259,10495,3764
70563,6286,4938,1348
70570,15832,11220,4612
70576,261,206,55
70577,1678,1238,440
70578,5464,4042,1422
70580,78,50,28
70581,287,216,71
70582,6962,5273,1689
70583,3849,2849,1000
70584,2263,1714,549
70585,58,41,17
70586,7882,5707,2175
70589,1379,1072,307
70591,1877,1468,409
70592,3973,3057,916
70601,14117,8714,5403
70605,11117,8027,3090
70607,8731,6204,2527
70611,5820,4813,1007
70615,4755,3387,1368
70630,350,314,36
70631,1174,908,266
70632,491,343,148
70633,2858,2119,739
70634,8916,6549,2367
70637,240,165,75
70638,341,305,36
70639,229,194,35
70640,164,118,46
70643,257,188,69
70644,56,50,6
70645,619,415,204
70646,131,79,52
70647,2542,1960,582
70648,2192,1654,538
70650,140,103,37
70651,71,63,8
70652,700,627,73
70653,1314,952,362
70654,99,65,34
70655,1187,841,346
70656,1494,1149,345
70657,1339,1102,237
70658,274,199,75
70659,262,175,87
70660,597,453,144
70661,994,726,268
70662,147,121,26
70663,10105,7408,2697
70665,3289,2581,708
70668,2371,1800,571
70669,3740,2852,888
70706,4508,3736,772
70710,1077,836,241
70711,1412,1094,318
70712,171,145,26
70714,6960,5433,1527
70715,427,359,68
70717,23,23,0
70719,1290,983,307
70720,192,153,39
70721,142,101,41
70722,2015,1579,436
70723,650,468,182
70725,352,270,82
70726,13012,10049,2963
70729,42,23,19
70730,1363,1019,344
70732,399,317,82
70733,565,447,118
70734,1063,818,245
70736,187,164,23
70737,10015,7818,2197
70739,3678,3124,554
70740,520,407,113
70743,102,81,21
70744,1737,1348,389
70747,31,25,6
70748,2011,1541,470
70749,627,419,208
70750,661,485,176
70752,306,214,92
70753,443,345,98
70754,2498,1989,509
70755,867,701,166
70756,132,96,36
70757,1112,848,264
70759,567,399,168
70760,2717,1859,858
70761,460,323,137
70762,244,192,52
70763,1018,824,194
70764,6271,4664,1607
70767,5085,3770,1315
70769,8366,6806,1560
70770,1294,1082,212
70772,254,196,58
70773,82,68,14
70774,2704,2132,572
70775,2907,2150,757
70776,830,601,229
70777,1405,1107,298
70778,594,434,160
70780,362,271,91
70781,105,73,32
70782,99,67,32
70783,904,670,234
70785,5353,4274,1079
70787,67,48,19
70788,1531,1208,323
70789,261,184,77
70791,6747,5434,1313
70801,8,8,0
70802,11877,6572,5305
70805,10903,7573,3330
70806,12373,6481,5892
70807,6437,4663,1774
70808,13672,7504,6168
70809,8910,4867,4043
70810,11221,8059,3162
70811,4285,3323,962
70812,3742,3100,642
70814,5112,3851,1261
70815,11288,7849,3439
70816,16045,9575,6470
70817,9636,7934,1702
70818,3642,2939,703
70819,1880,1357,523
70820,6361,2250,4111
70836,0,0,0
71001,1696,1192,504
71002,60,42,18
71003,444,322,122
71004,255,193,62
71006,3552,2910,642
71007,493,353,140
71008,392,272,120
71009,165,132,33
71016,787,593,194
71018,669,466,203
71019,3191,2351,840
71021,347,212,135
71023,1437,1060,377
71024,467,343,124
71027,626,437,189
71028,841,547,294
71029,94,61,33
71030,415,330,85
71031,480,343,137
71032,618,450,168
71033,1013,738,275
71034,65,50,15
71037,6569,5219,1350
71038,1927,1341,586
71039,886,651,235
71040,3154,2206,948
71043,278,205,73
71044,292,214,78
71045,256,194,62
71046,435,309,126
71047,3872,3016,856
71048,33,12,21
71049,1409,1013,396
71051,784,556,228
71052,4240,2970,1270
71055,7974,5507,2467
71060,1068,802,266
71061,794,547,247
71063,333,229,104
71064,1595,1105,490
71065,472,285,187
71066,14,11,3
71067,626,475,151
71068,1622,1110,512
71069,342,205,137
71070,634,452,182
71071,1247,931,316
71072,612,489,123
71073,798,566,232
71075,2612,1772,840
71078,1596,1226,370
71079,116,91,25
71082,2207,1473,734
71101,3851,1897,1954
71103,3744,2248,1496
71104,6848,3572,3276
71105,9371,5461,3910
71106,12061,8898,3163
71107,10615,7945,2670
71108,7543,5435,2108
71109,9326,6394,2932
71110,745,729,16
71111,11899,8248,3651
71112,10369,7406,2963
71115,5308,2734,2574
71118,9598,6715,2883
71119,4424,3216,1208
71129,4976,3279,1697
71201,9731,5534,4197
71202,9680,7304,2376
71203,12457,8532,3925
71218,36,23,13
71219,415,345,70
71220,9728,7198,2530
71222,1420,946,474
71223,240,175,65
71225,1873,1473,400
71226,707,495,212
71227,1173,882,291
71229,537,378,159
71232,2583,1861,722
71234,1618,1226,392
71235,1605,1191,414
71237,520,403,117
71238,867,721,146
71241,3585,2672,913
71243,130,97,33
71245,1136,621,515
71247,438,259,179
71250,117,95,22
71251,3274,2314,960
71253,76,54,22
71254,2549,1832,717
71256,185,126,59
71259,675,528,147
71260,1259,889,370
71261,607,435,172
71263,3274,2372,902
71264,435,302,133
71266,682,505,177
71268,1152,918,234
71269,4379,3211,1168
71270,10844,6681,4163
71275,926,674,252
71276,98,71,27
71277,817,650,167
71280,1046,746,300
71282,3933,2803,1130
71286,291,225,66
71291,12306,8588,3718
71292,7499,5689,1810
71295,5235,3831,1404
71301,8874,5671,3203
71302,5490,3950,1540
71303,7463,5089,2374
71316,25,15,10
71320,0,0,0
71322,2696,1931,765
71323,366,311,55
71325,570,415,155
71326,426,320,106
71327,1552,1119,433
71328,2300,1907,393
71330,27,21,6
71331,339,213,126
71333,289,205,84
71334,3452,2432,1020
71336,696,529,167
71339,61,38,23
71340,372,282,90
71341,1043,744,299
71342,2809,1978,831
71343,3119,2364,755
71345,29,24,5
71346,1200,839,361
71350,1626,1179,447
71351,4068,2935,1133
71353,834,648,186
71354,611,455,156
71355,952,664,288
71356,246,160,86
71357,911,645,266
71358,444,324,120
71360,14202,10207,3995
71362,671,470,201
71366,877,611,266
71367,535,422,113
71368,583,383,200
71369,1142,815,327
71371,722,516,206
71373,2740,2034,706
71375,607,365,242
71377,102,80,22
71378,1035,764,271
71401,37,29,8
71403,1575,1171,404
71404,352,249,103
71406,59,48,11
71407,218,178,40
71409,2533,1842,691
71410,43,34,9
71411,1199,850,349
71414,82,60,22
71415,244,164,80
71416,303,225,78
71417,1956,1373,583
71418,2574,1813,761
71419,846,607,239
71422,637,463,174
71423,1626,1332,294
71424,367,304,63
71425,106,69,37
71426,72,51,21
71427,128,99,29
71429,1207,902,305
71430,787,614,173
71432,422,287,135
71433,1590,1138,452
71434,20,9,11
71435,1132,861,271
71438,480,319,161
71439,736,547,189
71441,267,202,65
71446,8568,5986,2582
71447,614,475,139
71449,3733,2645,1088
71450,442,315,127
71452,25,25,0
71454,921,670,251
71455,113,73,40
71456,411,253,158
71457,9575,6284,3291
71459,3484,3277,207
71461,956,684,272
71462,586,379,207
71463,3568,2607,961
71465,1187,873,314
71466,199,129,70
71467,1775,1345,430
71468,353,260,93
71469,1111,761,350
71472,68,36,32
71473,231,148,83
71474,248,184,64
71479,358,263,95
71480,303,217,86
71483,4182,2998,1184
71485,569,469,100
71486,1888,1430,458
71601,7257,4914,2343
71602,6892,5095,1797
71603,13803,9751,4052
71630,271,191,80
71631,337,216,121
71635,5342,3963,1379
71638,1691,1183,508
71639,2787,1999,788
71640,1509,1074,435
71642,237,156,81
71643,677,469,208
71644,395,298,97
71646,2679,2040,639
71647,808,615,193
71651,72,47,25
71652,488,355,133
71653,2222,1550,672
71654,2111,1499,612
71655,6030,4108,1922
71656,0,0,0
71658,349,258,91
71659,9,9,0
71660,397,313,84
71661,213,154,59
71663,354,263,91
71665,2199,1697,502
71666,29,19,10
71667,3005,2222,783
71670,590,435,155
71671,3645,2556,1089
71674,392,286,106
71675,774,558,216
71676,386,244,142
71677,78,49,29
71701,8973,6259,2714
71720,1150,785,365
71722,52,34,18
71724,175,113,62
71725,231,146,85
71726,636,427,209
71730,13954,9921,4033
71740,676,483,193
71742,2483,1775,708
71743,1772,1210,562
71744,1461,1020,441
71745,118,89,29
71747,536,380,156
71749,1184,874,310
71751,393,275,118
71752,457,317,140
71753,6715,4417,2298
71758,220,153,67
71759,106,85,21
71762,1101,786,315
71763,728,513,215
71764,916,668,248
71765,945,636,309
71766,338,236,102
71770,1458,1022,436
71801,6538,4617,1921
71820,10,10,0
71822,3580,2582,998
71823,47,43,4
71825,220,175,45
71826,569,373,196
71827,227,183,44
71832,3330,2478,852
71833,946,728,218
71834,606,438,168
71835,540,388,152
71836,1372,983,389
71837,1562,1251,311
71838,582,407,175
71839,161,111,50
71841,421,296,125
71842,869,674,195
71845,1018,717,301
71846,1068,775,293
71847,251,196,55
71851,986,698,288
71852,3825,2787,1038
71853,204,134,70
71854,13362,9388,3974
71855,335,247,88
71857,2496,1772,724
71858,1031,729,302
71859,163,107,56
71860,1297,864,433
71861,865,652,213
71862,341,218,123
71865,47,36,11
71866,269,183,86
71901,11941,7582,4359
71909,6325,4959,1366
71913,16760,10765,5995
71921,1298,978,320
71922,154,111,43
71923,6280,4088,2192
71929,1563,1215,348
71933,611,448,163
71935,396,282,114
71937,819,590,229
71940,736,540,196
71941,748,585,163
71943,1530,1070,460
71944,306,241,65
71945,640,476,164
71949,253,202,51
71950,264,202,62
71952,65,57,8
71953,5854,4185,1669
71956,1190,888,302
71957,1317,922,395
71958,1056,695,361
71959,346,261,85
71960,714,527,187
71961,335,254,81
71962,382,285,97
71964,1483,1240,243
71965,118,88,30
71968,1552,1217,335
71969,150,109,41
71970,320,237,83
71971,138,114,24
71972,81,62,19
71973,450,340,110
72001,214,171,43
72002,4965,3747,1218
72003,343,265,78
72004,574,434,140
72005,63,40,23
72006,1306,914,392
72007,1766,1454,312
72010,2448,1825,623
72011,1027,843,184
72012,3413,2617,796
72013,652,525,127
72014,36,21,15
72015,15096,11293,3803
72016,1058,838,220
72017,356,252,104
72020,1780,1315,465
72021,2153,1453,700
72022,2942,2354,588
72023,8983,7214,1769
72024,1530,1098,432
72025,363,286,77
72026,150,125,25
72027,526,390,136
72029,911,605,306
72030,272,209,63
72031,2967,2053,914
72032,21953,14905,7048
72036,512,348,164
72038,15,15,0
72039,718,511,207
72040,1262,876,386
72041,683,464,219
72042,2273,1655,618
72043,75,55,20
72044,362,267,95
72045,447,367,80
72046,1946,1414,532
72047,374,282,92
72048,66,38,28
72051,316,241,75
72053,96,56,40
72055,450,312,138
72057,370,284,86
72058,4353,3492,861
72060,322,248,74
72061,42,36,6
72063,560,416,144
72064,1046,775,271
72065,1726,1373,353
72067,1144,824,320
72068,118,85,33
72069,770,506,264
72070,686,459,227
72072,242,163,79
72073,578,393,185
72074,107,76,31
72075,115,72,43
72076,14732,10910,3822
72079,139,121,18
72080,69,47,22
72081,2788,2133,655
72082,803,528,275
72083,103,83,20
72084,479,364,115
72085,47,38,9
72086,3673,2799,874
72087,546,419,127
72088,1269,830,439
72099,114,57,57
72101,1500,1036,464
72102,901,675,226
72103,4334,3328,1006
72104,8597,6279,2318
72105,23,19,4
72106,1696,1242,454
72107,136,101,35
72108,50,35,15
72110,4259,2957,1302
72111,438,316,122
72112,3973,2682,1291
72113,4866,3669,1197
72114,5786,3331,2455
72116,9390,5888,3502
72117,4708,3303,1405
72118,9228,6222,3006
72120,10982,8021,2961
72121,983,744,239
72122,360,281,79
72123,233,159,74
72125,656,524,132
72126,1391,1017,374
72127,785,576,209
72128,274,212,62
72129,502,396,106
72130,188,144,44
72131,1604,1205,399
72132,1116,868,248
72133,10,10,0
72134,165,119,46
72135,1039,798,241
72136,626,481,145
72137,766,596,170
72139,93,47,46
72140,137,101,36
72141,218,154,64
72142,733,578,155
72143,10912,7838,3074
72150,4116,3132,984
72152,289,196,93
72153,940,708,232
72156,211,162,49
72157,505,365,140
72160,4674,3281,1393
72165,62,42,20
72166,129,98,31
72167,675,547,128
72168,153,113,40
72169,85,63,22
72170,85,64,21
72173,2183,1834,349
72175,181,118,63
72176,1838,1465,373
72179,188,146,42
72180,44,44,0
72181,8,8,0
72183,0,0,0
72201,275,38,237
72202,6360,2624,3736
72204,11929,7982,3947
72205,11637,5765,5872
72206,10177,6948,3229
72207,4816,2679,2137
72209,14037,9749,4288
72210,2531,1847,684
72211,7383,4044,3339
72212,4029,2955,1074
72223,6291,4596,1695
72227,5710,3389,2321
72301,10008,7173,2835
72311,67,48,19
72315,10259,7334,2925
72320,77,64,13
72321,66,52,14
72322,71,59,12
72324,911,694,217
72326,813,598,215
72327,750,558,192
72328,19,15,4
72329,33,20,13
72330,291,240,51
72331,1449,1005,444
72332,59,49,10
72333,396,276,120
72335,6395,4614,1781
72338,17,17,0
72339,115,87,28
72340,27,21,6
72341,113,77,36
72342,2643,1826,817
72346,366,267,99
72347,359,286,73
72348,1262,917,345
72350,538,364,174
72351,326,245,81
72353,37,31,6
72354,1050,757,293
72355,1143,857,286
72358,631,472,159
72359,252,153,99
72360,3067,2187,880
72364,4515,3416,1099
72365,1391,917,474
72366,1163,803,360
72367,75,54,21
72368,582,401,181
72369,32,18,14
72370,3596,2634,962
72372,911,692,219
72373,742,506,236
72374,340,254,86
72376,709,516,193
72377,36,31,5
72379,44,34,10
72383,43,27,16
72384,446,340,106
72386,816,628,188
72387,15,9,6
72389,138,97,41
72390,3876,2700,1176
72392,219,157,62
72394,287,202,85
72395,445,342,103
72396,5355,4004,1351
72401,19085,12393,6692
72404,6280,4691,1589
72410,243,179,64
72411,897,705,192
72412,248,185,63
72413,225,163,62
72414,160,108,52
72415,661,507,154
72416,1978,1500,478
72417,992,776,216
72419,743,546,197
72421,238,167,71
72422,2294,1553,741
72424,42,20,22
72425,201,148,53
72426,84,52,32
72427,83,48,35
72428,51,32,19
72429,193,138,55
72430,179,130,49
72431,196,140,56
72432,2481,1853,628
72433,1414,1032,382
72434,775,566,209
72435,256,163,93
72436,396,319,77
72437,1240,964,276
72438,1002,721,281
72440,57,45,12
72441,59,43,16
72442,1806,1322,484
72443,1106,824,282
72444,875,650,225
72445,0,0,0
72447,863,568,295
72449,87,57,30
72450,12305,8814,3491
72453,114,78,36
72454,2256,1498,758
72455,5034,3678,1356
72456,278,213,65
72457,105,71,34
72458,210,133,77
72459,423,304,119
72460,313,229,84
72461,1747,1208,539
72462,195,150,45
72464,103,63,40
72466,429,323,106
72467,41,32,9
72469,521,401,120
72470,148,126,22
72471,474,342,132
72472,3622,2592,1030
72473,1034,763,271
72475,40,24,16
72476,2822,1871,951
72478,122,61,61
72479,695,526,169
72482,699,466,233
72501,9469,6665,2804
72512,1149,731,418
72513,1152,799,353
72515,43,39,4
72517,113,86,27
72519,1086,767,319
72520,75,67,8
72521,1853,1436,417
72522,102,73,29
72523,479,372,107
72524,161,120,41
72525,101,86,15
72526,38,23,15
72527,196,129,67
72528,101,60,41
72529,2135,1528,607
72530,765,582,183
72531,227,157,70
72532,512,362,150
72533,150,120,30
72534,389,319,70
72536,248,173,75
72537,387,249,138
72538,133,110,23
72539,95,67,28
72540,73,43,30
72542,1472,1080,392
72543,4954,3471,1483
72544,285,187,98
72550,286,221,65
72553,28,14,14
72554,1374,974,400
72555,71,48,23
72556,1420,951,469
72560,3204,2317,887
72561,418,328,90
72562,818,598,220
72564,132,96,36
72565,465,356,109
72566,171,124,47
72567,101,58,43
72568,626,446,180
72569,222,170,52
72571,192,160,32
72572,81,66,15
72573,63,53,10
72576,1512,1059,453
72577,283,210,73
72578,40,31,9
72579,434,326,108
72581,453,340,113
72583,626,453,173
72584,152,100,52
72585,67,51,16
72587,56,56,0
72601,11374,8138,3236
72610,63,45,18
72611,602,430,172
72616,3653,2656,997
72617,158,95,63
72619,991,649,342
72623,202,137,65
72624,322,205,117
72626,579,375,204
72628,386,281,105
72629,256,166,90
72630,168,114,54
72631,1508,1139,369
72632,2008,1135,873
72633,631,502,129
72634,1826,1320,506
72635,1280,913,367
72638,2518,1854,664
72639,182,152,30
72640,174,140,34
72641,1182,778,404
72642,989,671,318
72644,762,557,205
72645,802,514,288
72648,286,249,37
72650,1983,1400,583
72651,419,343,76
72653,11937,8191,3746
72655,181,139,42
72658,620,490,130
72660,178,119,59
72661,288,190,98
72662,996,740,256
72663,196,142,54
72666,36,30,6
72668,96,72,24
72669,93,63,30
72672,178,123,55
72675,590,419,171
72677,111,76,35
72679,26,13,13
72680,284,222,62
72682,19,10,9
72683,86,79,7
72685,488,366,122
72686,28,19,9
72687,2635,1947,688
72701,13224,7149,6075
72703,11221,5985,5236
72704,5140,3594,1546
72711,10,7,3
72712,9194,6720,2474
72714,4417,3198,1219
72715,3200,2618,582
72717,296,233,63
72718,347,279,68
72719,838,702,136
72721,77,59,18
72722,919,705,214
72727,1694,1293,401
72729,141,103,38
72730,2198,1686,512
72732,1632,1249,383
72734,2447,1918,529
72736,1895,1405,490
72738,827,677,150
72739,237,160,77
72740,3054,2267,787
72742,216,156,60
72744,1750,1299,451
72745,3463,2639,824
72747,54,50,4
72749,14,6,8
72751,1598,1217,381
72752,162,113,49
72753,2342,1792,550
72756,13623,10018,3605
72758,6663,5067,1596
72760,254,185,69
72761,5707,4154,1553
72762,9430,7230,2200
72764,11347,8308,3039
72768,548,402,146
72769,345,285,60
72773,356,268,88
72774,1948,1560,388
72776,208,159,49
72801,6542,4008,2534
72802,6798,5327,1471
72820,91,76,15
72821,650,445,205
72823,2448,1854,594
72824,660,510,150
72826,39,18,21
72827,98,75,23
72828,51,39,12
72829,29,9,20
72830,4735,3335,1400
72832,427,253,174
72833,1489,1122,367
72834,3529,2666,863
72835,381,249,132
72837,2759,2175,584
72838,75,46,29
72839,69,43,26
72840,719,571,148
72841,60,57,3
72842,552,393,159
72843,788,629,159
72845,401,295,106
72846,1507,1136,371
72847,941,696,245
72851,210,161,49
72852,125,94,31
72853,882,604,278
72854,233,169,64
72855,2648,1834,814
72856,228,155,73
72857,584,404,180
72858,924,747,177
72860,197,155,42
72863,601,462,139
72865,371,299,72
72901,9230,5176,4054
72903,10037,6459,3578
72904,7623,5159,2464
72908,4768,3550,1218
72916,2154,1593,561
72921,4144,3324,820
72923,1644,1139,505
72926,283,221,62
72927,3211,2397,814
72928,243,198,45
72930,179,157,22
72932,247,189,58
72933,1960,1445,515
72934,278,216,62
72935,91,64,27
72936,4477,3658,819
72937,1239,936,303
72938,553,439,114
72940,934,710,224
72941,1595,1280,315
72943,1046,815,231
72944,957,684,273
72945,86,66,20
72946,1469,1126,343
72947,1685,1223,462
72948,204,147,57
72949,3921,2797,1124
72950,190,129,61
72951,421,314,107
72952,1025,835,190
72955,182,147,35
72956,10805,8237,2568
72958,3133,2233,900
72959,1041,744,297
73002,478,350,128
73003,12701,10495,2206
73004,294,245,49
73005,3503,2554,949
73006,1449,1056,393
73007,649,486,163
73008,8307,5486,2821
73009,514,377,137
73010,4356,3541,815
73011,146,122,24
73013,11666,8912,2754
73014,553,425,128
73015,1230,877,353
73016,487,392,95
73017,719,525,194
73018,7784,5215,2569
73020,6193,5100,1093
73021,173,137,36
73022,24,17,7
73024,219,159,60
73026,3444,2790,654
73027,437,291,146
73028,1326,948,378
73029,718,513,205
73030,1582,1190,392
73031,36,28,8
73032,105,51,54
73033,114,80,34
73034,11432,8009,3423
73036,6318,4340,1978
73038,863,636,227
73040,749,513,236
73041,184,125,59
73042,435,314,121
73043,66,46,20
73044,6976,4873,2103
73045,3299,2642,657
73047,1201,862,339
73048,813,569,244
73049,1918,1425,493
73050,209,90,119
73051,2472,1918,554
73052,2416,1784,632
73053,281,217,64
73054,1369,1096,273
73055,3750,2788,962
73056,178,127,51
73057,1033,729,304
73058,100,75,25
73059,1039,781,258
73061,505,364,141
73062,686,480,206
73063,263,196,67
73064,5685,4649,1036
73065,1961,1648,313
73066,105,58,47
73067,747,567,180
73068,3824,2957,867
73069,9986,5022,4964
73071,11785,6934,4851
73072,14588,8729,5859
73073,213,159,54
73074,433,334,99
73075,3571,2395,1176
73077,3031,2106,925
73078,1655,1466,189
73079,226,182,44
73080,3058,2224,834
73082,1245,912,333
73084,2594,1749,845
73086,3223,2303,920
73089,2909,2423,486
73090,302,217,85
73092,345,251,94
73093,703,567,136
73095,665,511,154
73096,4769,2803,1966
73097,6,6,0
73098,1788,1294,494
73099,15194,12023,3171
73102,702,107,595
73103,2332,926,1406
73104,835,422,413
73105,2202,1352,850
73106,4948,2656,2292
73107,10898,5909,4989
73108,5152,3463,1689
73109,7663,4493,3170
73110,14716,9185,5531
73111,5070,3119,1951
73112,15021,7347,7674
73114,6323,4036,2287
73115,8801,6021,2780
73116,4873,2631,2242
73117,2298,1272,1026
73118,6601,3354,3247
73119,10940,7188,3752
73120,17560,9273,8287
73121,1230,867,363
73122,5779,3712,2067
73127,10172,6533,3639
73128,825,550,275
73129,7282,4971,2311
73130,6900,5294,1606
73131,905,681,224
73132,10276,6806,3470
73134,1750,756,994
73135,5660,4267,1393
73139,7322,4386,2936
73141,1065,782,283
73142,3739,2134,1605
73145,729,723,6
73149,2127,1376,751
73150,1753,1374,379
73151,309,280,29
73159,11485,7958,3527
73160,14711,11435,3276
73162,10069,7241,2828
73165,1727,1441,286
73169,621,484,137
73170,7830,6509,1321
73173,166,142,24
73179,576,418,158
73401,13129,9143,3986
73425,51,32,19
73430,496,405,91
73432,350,267,83
73433,1063,764,299
73434,137,92,45
73435,98,71,27
73437,47,36,11
73438,1398,1013,385
73439,2635,1892,743
73440,158,115,43
73441,132,100,32
73442,245,188,57
73443,1265,985,280
73444,72,46,26
73446,2581,1799,782
73447,439,336,103
73448,1958,1449,509
73449,1027,706,321
73450,421,322,99
73453,244,188,56
73455,246,184,62
73456,846,593,253
73458,353,292,61
73459,496,355,141
73460,1773,1202,571
73461,292,206,86
73463,1275,913,362
73481,362,271,91
73487,119,68,51
73488,15,13,2
73491,419,307,112
73501,7988,5379,2609
73503,1436,1398,38
73505,17379,12864,4515
73507,7230,4824,2406
73520,64,51,13
73521,8544,6157,2387
73526,878,673,205
73527,1459,1193,266
73528,228,159,69
73529,1845,1404,441
73530,237,159,78
73531,167,129,38
73532,246,187,59
73533,11203,8028,3175
73537,300,195,105
73538,1363,1103,260
73539,71,57,14
73540,163,123,40
73541,921,738,183
73542,2124,1452,672
73543,511,417,94
73544,105,68,37
73546,527,374,153
73547,599,398,201
73548,282,216,66
73549,146,122,24
73550,1083,760,323
73551,23,17,6
73552,400,317,83
73553,23,21,2
73554,1512,959,553
73555,93,77,16
73556,121,91,30
73557,189,129,60
73559,229,145,84
73560,337,268,69
73561,7,4,3
73562,332,258,74
73564,280,180,100
73565,459,311,148
73566,712,478,234
73567,341,245,96
73568,585,370,215
73569,229,143,86
73570,512,353,159
73571,53,30,23
73572,1498,1053,445
73573,1035,706,329
73601,3831,2658,1173
73620,362,286,76
73622,127,87,40
73624,655,514,141
73625,220,172,48
73626,397,290,107
73627,218,142,76
73628,680,441,239
73632,1458,990,468
73638,37,31,6
73639,304,206,98
73641,327,255,72
73642,78,67,11
73644,4818,3328,1490
73645,623,415,208
73646,162,105,57
73647,263,182,81
73650,338,242,96
73651,1763,1149,614
73654,354,263,91
73655,461,324,137
73658,105,74,31
73659,86,72,14
73660,215,147,68
73661,190,143,47
73662,1719,1172,547
73663,546,363,183
73664,427,324,103
73666,49,27,22
73667,241,170,71
73668,17,13,4
73669,615,450,165
73673,148,99,49
73701,9369,6051,3318
73703,10817,7564,3253
73716,238,172,66
73717,2747,1676,1071
73718,207,163,44
73719,52,36,16
73720,112,88,24
73722,193,152,41
73724,490,314,176
73726,264,165,99
73727,91,67,24
73728,868,572,296
73729,239,178,61
73730,310,218,92
73731,66,34,32
73733,86,59,27
73734,325,275,50
73735,274,222,52
73736,154,121,33
73737,1467,1034,433
73738,494,340,154
73739,175,120,55
73741,267,188,79
73742,1329,1006,323
73743,55,45,10
73744,139,110,29
73746,30,30,0
73747,177,119,58
73749,232,151,81
73750,2518,1801,717
73753,177,140,37
73754,436,340,96
73755,358,266,92
73756,112,95,17
73757,69,52,17
73758,118,82,36
73759,716,492,224
73760,161,122,39
73761,176,131,45
73762,783,566,217
73763,654,446,208
73764,66,52,14
73766,435,317,118
73768,499,393,106
73771,262,165,97
73772,1797,1274,523
73773,674,497,177
73801,5724,4013,1711
73802,11,4,7
73832,429,284,145
73834,692,491,201
73835,95,62,33
73838,181,131,50
73840,287,210,77
73841,175,132,43
73842,213,153,60
73843,404,302,102
73844,116,78,38
73847,38,35,3
73848,733,485,248
73851,36,28,8
73852,748,554,194
73853,145,114,31
73855,68,52,16
73857,185,157,28
73858,715,479,236
73859,541,372,169
73860,618,357,261
73901,60,50,10
73931,215,163,52
73932,892,675,217
73933,796,546,250
73937,94,73,21
73938,299,225,74
73939,572,349,223
73942,4241,3132,1109
73944,209,169,40
73945,1014,771,243
73946,32,24,8
73947,277,187,90
73949,685,514,171
73950,635,496,139
73951,485,370,115
74001,183,133,50
74002,910,664,246
74003,6124,4010,2114
74006,10102,7202,2900
74008,5678,4416,1262
74010,4064,2891,1173
74011,8030,6676,1354
74012,16570,13354,3216
74014,8218,7010,1208
74015,2858,2211,647
74016,2031,1552,479
74017,14400,11076,3324
74020,3011,2231,780
74021,4527,3565,962
74022,689,504,185
74023,4447,3172,1275
74026,397,301,96
74027,407,304,103
74028,622,493,129
74029,2015,1441,574
74030,1565,1076,489
74032,699,544,155
74033,3081,2525,556
74034,78,69,9
74035,1424,973,451
74036,2195,1796,399
74037,3409,2692,717
74038,742,583,159
74039,1062,838,224
74041,191,158,33
74042,169,132,37
74044,2571,2030,541
74045,117,90,27
74047,2379,1897,482
74048,2470,1685,785
74050,199,154,45
74051,591,467,124
74052,553,368,185
74053,990,809,181
74054,315,216,99
74055,9252,7399,1853
74056,2324,1588,736
74058,1610,1135,475
74059,1793,1340,453
74060,210,152,58
74061,761,609,152
74062,365,286,79
74063,10651,8138,2513
74066,11194,8484,2710
74068,62,42,20
74070,3866,3081,785
74071,63,45,18
74072,700,541,159
74073,1756,1459,297
74074,9954,5347,4607
74075,8838,4412,4426
74079,1903,1354,549
74080,897,731,166
74081,632,506,126
74083,414,317,97
74084,296,212,84
74085,1008,721,287
74103,67,29,38
74104,6029,2741,3288
74105,13963,7258,6705
74106,7088,4553,2535
74107,8263,5527,2736
74108,2806,2227,579
74110,5605,3699,1906
74112,9765,5448,4317
74114,7558,4616,2942
74115,9104,6114,2990
74116,1449,998,451
74117,55,45,10
74119,2545,552,1993
74120,2694,1177,1517
74126,4128,3016,1112
74127,7190,4651,2539
74128,5036,3456,1580
74129,7473,4942,2531
74130,1004,719,285
74131,923,696,227
74132,2631,2130,501
74133,15874,10176,5698
74134,5291,3361,1930
74135,10262,5505,4757
74136,14382,7487,6895
74137,8461,6409,2052
74145,8396,4971,3425
74146,5835,3461,2374
74301,4351,2953,1398
74330,1047,821,226
74331,2728,1972,756
74332,730,527,203
74333,426,348,78
74335,48,44,4
74337,1728,1273,455
74338,1683,1297,386
74339,1039,750,289
74340,488,301,187
74342,687,464,223
74343,1161,884,277
74344,5293,3620,1673
74346,2760,2127,633
74347,1175,947,228
74349,245,167,78
74350,332,237,95
74352,2512,1850,662
74354,7220,4899,2321
74358,78,67,11
74360,715,502,213
74361,5719,4091,1628
74363,1031,781,250
74364,547,447,100
74365,1844,1354,490
74366,645,495,150
74367,215,160,55
74368,55,48,7
74369,705,524,181
74370,1231,950,281
74401,6905,4661,2244
74403,12145,8167,3978
74421,1550,1151,399
74422,308,219,89
74423,414,325,89
74425,379,272,107
74426,3762,2716,1046
74427,612,406,206
74428,352,282,70
74429,3695,2953,742
74430,187,158,29
74431,387,292,95
74432,3937,2678,1259
74434,3043,2390,653
74435,1261,940,321
74436,1662,1270,392
74437,4114,2890,1224
74438,98,73,25
74440,35,25,10
74441,1765,1352,413
74442,448,336,112
74444,27,21,6
74445,971,759,212
74446,262,178,84
74447,7062,4695,2367
74450,628,526,102
74451,1458,1062,396
74452,172,135,37
74454,1100,842,258
74455,1177,858,319
74456,60,51,9
74457,93,60,33
74459,22,17,5
74460,186,128,58
74461,128,94,34
74462,3003,2187,816
74463,147,104,43
74464,10477,6903,3574
74467,5518,4052,1466
74468,90,68,22
74469,759,559,200
74470,640,494,146
74471,559,424,135
74472,98,68,30
74501,10715,7437,3278
74521,107,79,28
74522,118,88,30
74523,2438,1686,752
74525,3428,2360,1068
74528,58,47,11
74530,89,59,30
74531,389,295,94
74533,284,204,80
74534,127,100,27
74535,37,25,12
74536,706,426,280
74538,1730,1173,557
74540,84,56,28
74543,140,88,52
74545,110,80,30
74546,377,261,116
74547,1359,954,405
74549,58,38,20
74552,351,260,91
74553,589,414,175
74554,580,374,206
74555,400,296,104
74556,118,77,41
74557,206,151,55
74558,183,145,38
74560,247,186,61
74561,903,656,247
74562,315,224,91
74563,819,609,210
74565,304,211,93
74567,103,81,22
74569,245,183,62
74570,468,341,127
74571,1279,889,390
74572,263,200,63
74574,321,242,79
74576,85,61,24
74577,134,98,36
74578,2491,1793,698
74601,8384,5405,2979
74604,5180,3952,1228
74630,231,169,62
74631,3336,2295,1041
74632,242,166,76
74633,184,132,52
74636,115,92,23
74637,839,543,296
74640,148,110,38
74641,233,163,70
74643,249,167,82
74644,240,189,51
74646,98,83,15
74647,1445,1041,404
74650,289,228,61
74651,226,178,48
74652,479,343,136
74653,1426,979,447
74701,7670,5092,2578
74720,256,198,58
74721,44,44,0
74722,122,110,12
74723,563,426,137
74724,112,79,33
74726,780,567,213
74727,818,586,232
74728,4562,3349,1213
74729,935,707,228
74730,1264,965,299
74731,563,384,179
74733,1017,708,309
74734,456,337,119
74735,702,531,171
74736,276,215,61
74737,46,34,12
74738,251,187,64
74740,1004,736,268
74741,425,318,107
74743,3483,2348,1135
74745,3839,2662,1177
74747,63,47,16
74748,225,167,58
74750,273,195,78
74753,40,17,23
74754,179,113,66
74755,43,27,16
74756,302,225,77
74759,536,349,187
74760,121,100,21
74761,95,76,19
74764,1361,1052,309
74766,636,504,132
74801,8794,6069,2725
74804,6629,4697,1932
74820,11407,7573,3834
74824,384,301,83
74825,864,655,209
74826,476,379,97
74827,192,135,57
74829,281,186,95
74830,80,57,23
74831,370,277,93
74832,386,292,94
74833,257,191,66
74834,2682,2000,682
74836,98,63,35
74837,203,172,31
74839,338,252,86
74840,565,443,122
74842,150,110,40
74843,105,89,16
74844,194,144,50
74845,198,145,53
74848,2939,1976,963
74849,1256,913,343
74850,113,103,10
74851,2891,2331,560
74852,546,438,108
74854,770,579,191
74855,1566,1220,346
74856,284,223,61
74857,3003,2510,493
74859,2334,1590,744
74860,558,438,120
74864,1798,1321,477
74865,626,486,140
74866,80,56,24
74867,378,261,117
74868,4739,3404,1335
74869,234,173,61
74871,851,638,213
74872,1306,942,364
74873,3934,2937,997
74875,431,324,107
74878,496,382,114
74880,844,580,264
74881,1349,1029,320
74883,1052,710,342
74884,2356,1605,751
74901,908,643,265
74902,1668,1290,378
74930,670,521,149
74931,499,409,90
74932,696,571,125
74935,89,57,32
74936,526,379,147
74937,1877,1425,452
74939,286,210,76
74940,829,648,181
74941,939,715,224
74942,120,91,29
74943,47,34,13
74944,384,295,89
74945,192,150,42
74946,80,53,27
74947,72,38,34
74948,4174,3248,926
74949,123,82,41
74951,652,465,187
74953,4065,2924,1141
74954,1507,1172,335
74955,5290,3818,1472
74956,576,465,111
74957,404,308,96
74959,2701,2020,681
74960,4456,3337,1119
74962,1934,1442,492
74963,321,221,100
74964,996,737,259
74965,1777,1338,439
74966,1129,857,272
75001,4944,1752,3192
75002,12237,10416,1821
75006,16952,11780,5172
75007,17483,13869,3614
75009,1710,1376,334
75010,4758,3567,1191
75013,3719,3312,407
75019,12159,9844,2315
75020,8777,5897,2880
75021,3045,2275,770
75022,4426,3895,531
75023,17484,13126,4358
75024,7884,5265,2619
75025,13260,11129,2131
75028,11664,10376,1288
75032,4867,4056,811
75034,5707,4475,1232
75035,6773,5538,1235
75038,12466,5920,6546
75039,1885,508,1377
75040,16975,13923,3052
75041,10758,7951,2807
75042,12439,9508,2931
75043,19879,14419,5460
75044,13187,9903,3284
75048,3304,2811,493
75050,14272,9260,5012
75051,10197,7748,2449
75052,18550,14988,3562
75056,9234,7639,1595
75057,4608,2849,1759
75058,578,483,95
75060,14828,11359,3469
75061,18801,12821,5980
75062,16131,10494,5637
75063,12644,5795,6849
75065,3076,2325,751
75067,19736,12327,7409
75068,2665,2128,537
75069,9747,6842,2905
75070,11502,9921,1581
75074,13014,9580,3434
75075,12928,10046,2882
75076,2798,2055,743
75077,10507,9199,1308
75078,932,820,112
75080,17143,11484,5659
75081,12351,8871,3480
75082,5447,4382,1065
75087,5885,4765,1120
75088,7936,6981,955
75089,5991,5177,814
75090,8029,5535,2494
75092,8446,5559,2887
75093,16622,11991,4631
75094,1063,916,147
75098,7060,5743,1317
75101,155,115,40
75102,384,320,64
75103,4414,3315,1099
75104,10730,8802,1928
75105,138,65,73
75110,11220,8084,3136
75114,1352,1129,223
75115,13800,10652,3148
75116,6604,5153,1451
75117,1267,964,303
75119,7968,6065,1903
75121,25,8,17
75124,1643,1266,377
75125,1907,1461,446
75126,3574,3055,519
75127,546,430,116
75132,66,49,17
75134,3963,3066,897
75135,1571,1282,289
75137,6268,5111,1157
75140,2425,1761,664
75141,969,669,300
75142,5827,4570,1257
75143,5140,3760,1380
75144,1141,813,328
75146,5579,4205,1374
75147,7891,5775,2116
75148,2347,1636,711
75149,18574,14466,4108
75150,20968,14423,6545
75152,1073,907,166
75153,173,143,30
75154,8964,7566,1398
75155,661,549,112
75158,1331,1125,206
75159,4504,3401,1103
75160,6711,5104,1607
75161,2004,1606,398
75163,1126,778,348
75164,234,174,60
75165,9686,7572,2114
75166,160,130,30
75167,1284,1068,216
75169,5313,4055,1258
75172,1036,773,263
75173,1289,1028,261
75180,6123,4797,1326
75181,5038,4459,579
75182,867,770,97
75189,3342,2740,602
75201,2049,491,1558
75202,447,95,352
75203,5842,4152,1690
75204,9726,3517,6209
75205,9879,4968,4911
75206,20553,6963,13590
75207,9,9,0
75208,11112,7315,3797
75209,6452,3452,3000
75210,3308,2084,1224
75211,18839,14558,4281
75212,5914,4814,1100
75214,16010,8191,7819
75215,6943,4176,2767
75216,16492,12040,4452
75217,20145,16376,3769
75218,9676,5789,3887
75219,11157,3793,7364
75220,14863,10876,3987
75223,4655,3329,1326
75224,9724,7346,2378
75225,8469,5478,2991
75226,1043,428,615
75227,15332,11690,3642
75228,24179,16010,8169
75229,11212,8266,2946
75230,13589,6974,6615
75231,22039,11241,10798
75232,9873,7712,2161
75233,4198,3255,943
75234,10373,7332,3041
75235,5561,3379,2182
75236,3767,2660,1107
75237,5675,3199,2476
75238,12697,8407,4290
75240,21334,10520,10814
75241,7926,6188,1738
75243,27426,14139,13287
75244,7379,4530,2849
75246,1487,659,828
75247,17,12,5
75248,15327,9266,6061
75249,2872,2420,452
75251,883,223,660
75252,11649,5407,6242
75253,5104,3917,1187
75270,0,0,0
75287,24467,9560,14907
75401,6408,4420,1988
75402,5682,4138,1544
75407,3458,2745,713
75409,1632,1315,317
75410,1499,1147,352
75411,414,293,121
75412,383,276,107
75413,153,119,34
75414,1122,895,227
75415,85,76,9
75416,1164,887,277
75417,1145,788,357
75418,4401,3063,1338
75420,444,332,112
75421,444,364,80
75422,1041,805,236
75423,854,690,164
75424,1000,804,196
75426,2492,1727,765
75428,3499,2027,1472
75431,646,517,129
75432,1307,935,372
75433,972,704,268
75434,19,19,0
75435,542,374,168
75436,705,520,185
75437,348,286,62
75438,349,267,82
75439,344,244,100
75440,1900,1414,486
75441,31,18,13
75442,2647,2091,556
75444,78,37,41
75446,1113,776,337
75447,386,299,87
75448,353,215,138
75449,471,337,134
75450,137,127,10
75451,491,389,102
75452,1429,1074,355
75453,1204,905,299
75454,814,634,180
75455,8337,6308,2029
75457,2245,1644,601
75459,1387,1077,310
75460,9799,6245,3554
75462,3769,3033,736
75468,261,237,24
75469,182,103,79
75470,154,126,28
75471,398,302,96
75472,1012,760,252
75473,1482,1209,273
75474,5093,3722,1371
75475,73,45,28
75476,430,371,59
75477,353,253,100
75478,314,229,85
75479,646,487,159
75480,581,446,135
75481,110,79,31
75482,8844,6312,2532
75485,22,16,6
75486,659,541,118
75487,608,460,148
75488,410,274,136
75489,389,295,94
75490,567,425,142
75491,1541,1153,388
75492,220,168,52
75493,157,128,29
75494,3975,2861,1114
75495,1954,1598,356
75496,1078,769,309
75497,859,635,224
75501,13115,9237,3878
75503,8478,5978,2500
75550,379,266,113
75551,4445,3246,1199
75554,758,536,222
75555,571,439,132
75556,308,228,80
75558,558,416,142
75559,2426,1754,672
75560,430,266,164
75561,2059,1509,550
75562,60,24,36
75563,1910,1256,654
75564,33,21,12
75565,184,149,35
75566,355,265,90
75567,1465,1099,366
75568,1233,809,424
75569,990,666,324
75570,3570,2563,1007
75571,1061,823,238
75572,1369,991,378
75573,130,84,46
75574,713,532,181
75601,5571,3529,2042
75602,7470,5432,2038
75603,2232,1624,608
75604,10280,7547,2733
75605,10237,6977,3260
75630,1120,767,353
75631,1022,774,248
75633,5318,3864,1454
75636,54,47,7
75638,2450,1827,623
75639,1229,927,302
75640,1413,1161,252
75641,77,61,16
75643,654,463,191
75644,7481,5568,1913
75647,4341,3224,1117
75650,2899,2331,568
75651,716,512,204
75652,4664,3489,1175
75654,4528,3217,1311
75656,1813,1346,467
75657,3542,2430,1112
75661,1061,769,292
75662,8400,6041,2359
75667,449,315,134
75668,872,593,279
75669,297,189,108
75670,6240,4217,2023
75672,6630,4889,1741
75680,28,23,5
75681,963,729,234
75683,1538,1113,425
75684,2355,1704,651
75686,4256,3126,1130
75691,1330,1019,311
75692,1891,1419,472
75693,2022,1611,411
75701,12523,7966,4557
75702,8285,6057,2228
75703,13015,8237,4778
75704,2681,1991,690
75705,652,468,184
75706,2279,1789,490
75707,4202,3164,1038
75708,2043,1560,483
75709,1425,1074,351
75750,1221,1007,214
75751,8119,5954,2165
75754,1988,1513,475
75755,2589,1933,656
75756,1278,1035,243
75757,2852,2222,630
75758,3170,2349,821
75759,57,41,16
75760,1094,735,359
75762,3010,2524,486
75763,2201,1623,578
75764,77,56,21
75765,1631,1215,416
75766,9334,6819,2515
75770,944,738,206
75771,5044,3911,1133
75773,4419,3285,1134
75778,1122,840,282
75782,75,55,20
75783,2693,1888,805
75784,281,195,86
75785,3325,2459,866
75788,43,29,14
75789,2278,1675,603
75790,1488,1103,385
75791,3911,3346,565
75792,1043,831,212
75801,11525,8305,3220
75831,1867,1461,406
75833,1219,833,386
75835,4709,3241,1468
75838,230,167,63
75839,1681,1284,397
75840,2535,1833,702
75844,2082,1503,579
75845,1243,871,372
75846,1085,811,274
75847,672,498,174
75848,157,103,54
75849,118,74,44
75850,195,144,51
75851,961,698,263
75852,550,392,158
75853,331,248,83
75855,931,619,312
75856,65,52,13
75858,87,34,53
75859,506,368,138
75860,1924,1351,573
75861,687,485,202
75862,3922,2729,1193
75901,9537,6912,2625
75904,11474,8378,3096
75925,1370,981,389
75926,445,334,111
75928,434,321,113
75929,684,504,180
75930,878,580,298
75931,723,546,177
75932,703,486,217
75933,559,474,85
75934,52,30,22
75935,5093,3694,1399
75936,316,244,72
75937,500,367,133
75938,1080,816,264
75939,1434,1066,368
75941,2556,2042,514
75942,140,89,51
75943,333,268,65
75944,410,319,91
75946,1358,938,420
75948,2484,1762,722
75949,2774,2206,568
75951,6489,4695,1794
75954,1285,947,338
75956,2813,2031,782
75959,492,325,167
75960,336,282,54
75961,12485,7323,5162
75964,6271,4505,1766
75966,2138,1589,549
75968,800,589,211
75969,1421,1135,286
75972,2639,1906,733
75973,1128,822,306
75974,1097,825,272
75975,1350,913,437
75976,460,340,120
75977,310,208,102
75978,39,26,13
75979,3677,2529,1148
75980,1079,789,290
76001,6841,5869,972
76002,2283,1980,303
76006,12900,5427,7473
76008,2860,2431,429
76009,5729,4556,1173
76010,18397,12523,5874
76011,12349,6738,5611
76012,9915,7043,2872
76013,13779,8496,5283
76014,10367,7834,2533
76015,6232,4369,1863
76016,10845,9007,1838
76017,15444,11614,3830
76018,7496,6309,1187
76020,8667,6568,2099
76021,14395,9095,5300
76022,6132,3713,2419
76023,1952,1547,405
76028,13965,11240,2725
76031,13745,10478,3267
76034,6350,5831,519
76035,130,109,21
76036,4499,3622,877
76039,12163,7086,5077
76040,9976,5525,4451
76041,126,96,30
76043,2037,1507,530
76044,1081,883,198
76048,7576,5379,2197
76049,7402,5869,1533
76050,1811,1500,311
76051,15644,11342,4302
76052,995,877,118
76053,9526,6760,2766
76054,4307,3552,755
76055,949,696,253
76058,4766,3877,889
76059,1567,1053,514
76060,1843,1447,396
76061,174,151,23
76063,10587,9032,1555
76064,459,367,92
76065,5492,4668,824
76066,1002,821,181
76067,7678,5402,2276
76070,160,133,27
76071,1050,815,235
76073,1448,1171,277
76077,192,149,43
76078,1796,1420,376
76082,4997,4117,880
76084,2041,1708,333
76086,9133,6527,2606
76087,6322,5196,1126
76088,3254,2599,655
76092,6280,5892,388
76093,633,494,139
76102,2304,1092,1212
76103,5167,3415,1752
76104,5758,3531,2227
76105,6562,4959,1603
76106,13191,10718,2473
76107,12030,6399,5631
76108,9733,7224,2509
76109,10347,5344,5003
76110,10362,7268,3094
76111,7036,4822,2214
76112,16617,10144,6473
76114,8883,6010,2873
76115,5728,4641,1087
76116,20345,11628,8717
76117,11330,7441,3889
76118,4652,3349,1303
76119,12505,9497,3008
76120,5013,2365,2648
76123,3599,3146,453
76126,5968,4591,1377
76127,5,5,0
76131,2316,1874,442
76132,10565,4785,5780
76133,17847,12920,4927
76134,6618,5029,1589
76135,5915,4104,1811
76137,14016,10790,3226
76140,6131,4922,1209
76148,8150,6789,1361
76155,1583,580,1003
76177,12,6,6
76179,7340,5890,1450
76180,20167,14969,5198
76201,18761,9049,9712
76205,13269,9084,4185
76207,2355,1465,890
76208,3668,2778,890
76225,921,671,250
76226,2401,2111,290
76227,2390,1854,536
76228,413,328,85
76230,3798,2671,1127
76233,970,760,210
76234,4495,3529,966
76238,32,26,6
76239,449,340,109
76240,9699,7014,2685
76245,665,452,213
76246,28,25,3
76247,1851,1476,375
76248,8826,7762,1064
76249,1596,1334,262
76250,280,233,47
76251,285,200,85
76252,1004,735,269
76253,91,64,27
76255,2201,1540,661
76258,2058,1570,488
76259,936,765,171
76261,90,59,31
76262,5613,4594,1019
76264,522,396,126
76265,740,516,224
76266,3649,2895,754
76268,41,34,7
76270,630,496,134
76271,451,300,151
76272,1454,1159,295
76273,3299,2429,870
76301,8025,4751,3274
76302,4494,3125,1369
76305,1051,789,262
76306,6306,4481,1825
76308,8125,5150,2975
76309,5828,3693,2135
76310,5780,4203,1577
76311,1356,1321,35
76351,853,585,268
76354,4279,3263,1016
76357,283,228,55
76360,1598,1093,505
76363,141,102,39
76364,113,89,24
76365,2071,1470,601
76366,994,739,255
76367,3557,2776,781
76370,129,98,31
76371,740,515,225
76372,413,292,121
76373,71,71,0
76374,1788,1184,604
76377,368,271,97
76379,202,157,45
76380,1830,1209,621
76384,5267,3587,1680
76388,96,70,26
76389,442,333,109
76401,8955,5419,3536
76424,3427,2423,1004
76426,3168,2446,722
76427,314,227,87
76429,83,56,27
76430,948,678,270
76431,1230,918,312
76432,510,389,121
76433,348,275,73
76435,226,163,63
76436,47,30,17
76437,2213,1518,695
76442,2952,2130,822
76443,685,472,213
76444,1625,1113,512
76445,137,108,29
76446,2967,2179,788
76448,2236,1634,602
76449,961,662,299
76450,4967,3609,1358
76452,42,35,7
76453,398,291,107
76454,667,427,240
76455,287,220,67
76457,1340,973,367
76458,2041,1493,548
76459,73,59,14
76460,135,118,17
76462,879,657,222
76463,172,128,44
76464,174,131,43
76466,135,74,61
76468,50,42,8
76469,16,4,12
76470,1300,869,431
76471,695,488,207
76472,485,371,114
76474,126,101,25
76475,402,270,132
76476,766,582,184
76481,124,88,36
76483,497,355,142
76484,339,256,83
76486,413,318,95
76487,597,478,119
76490,23,18,5
76491,183,131,52
76501,5873,3881,1992
76502,8999,6490,2509
76504,8804,5474,3330
76511,863,636,227
76513,9623,7164,2459
76518,552,410,142
76519,205,158,47
76520,3267,2278,989
76522,11641,9129,2512
76523,86,66,20
76524,811,665,146
76525,434,315,119
76527,1110,909,201
76528,5381,3938,1443
76530,877,611,266
76531,2017,1413,604
76534,881,687,194
76537,769,627,142
76538,285,229,56
76539,2034,1684,350
76541,9081,5382,3699
76542,8843,6814,2029
76543,10518,7881,2637
76544,5829,5755,74
76548,6345,4833,1512
76549,6236,4915,1321
76550,4191,3052,1139
76554,728,543,185
76556,501,385,116
76557,1186,960,226
76559,844,660,184
76561,294,219,75
76565,66,32,34
76566,118,87,31
76567,3422,2511,911
76569,846,647,199
76570,1094,738,356
76571,1934,1519,415
76574,5711,4287,1424
76577,1006,744,262
76578,542,411,131
76579,1240,1017,223
76621,384,289,95
76622,359,281,78
76624,863,676,187
76626,561,414,147
76627,482,377,105
76628,44,33,11
76629,795,515,280
76630,576,478,98
76631,120,99,21
76632,625,447,178
76633,1253,1073,180
76634,2950,2065,885
76635,437,286,151
76636,611,507,104
76637,231,155,76
76638,860,683,177
76639,653,475,178
76640,1195,866,329
76641,631,472,159
76642,2147,1533,614
76643,3960,3203,757
76645,3975,2803,1172
76648,1047,721,326
76649,431,312,119
76651,1094,878,216
76652,380,293,87
76653,447,326,121
76655,2241,1907,334
76656,765,556,209
76657,3183,2366,817
76660,222,161,61
76661,3065,1944,1121
76664,1251,874,377
76665,905,677,228
76666,149,102,47
76667,3844,2682,1162
76670,441,312,129
76671,691,504,187
76673,357,279,78
76675,42,37,5
76676,176,122,54
76678,63,40,23
76679,492,387,105
76680,86,64,22
76681,228,161,67
76682,999,782,217
76685,56,48,8
76686,153,114,39
76687,556,409,147
76689,1072,816,256
76690,349,266,83
76691,2392,1773,619
76692,3462,2411,1051
76693,649,450,199
76701,446,166,280
76704,2999,1816,1183
76705,9952,6942,3010
76706,11313,5938,5375
76707,5585,4075,1510
76708,7956,5166,2790
76710,10562,5783,4779
76711,2863,2101,762
76712,7636,5781,1855
76798,0,0,0
76801,9634,6559,3075
76802,1771,1340,431
76821,2075,1464,611
76823,1211,868,343
76824,42,28,14
76825,2766,1888,878
76827,174,143,31
76828,107,76,31
76831,6,6,0
76832,220,167,53
76834,2719,1825,894
76837,591,398,193
76841,18,11,7
76842,72,64,8
76844,1433,991,442
76845,54,34,20
76848,26,19,7
76849,1625,1144,481
76852,71,61,10
76853,554,402,152
76854,142,90,52
76856,1475,1023,452
76857,684,520,164
76858,95,70,25
76859,987,659,328
76861,674,557,117
76862,67,54,13
76864,386,288,98
76865,70,43,27
76866,243,171,72
76869,85,53,32
76870,74,45,29
76871,382,288,94
76872,237,171,66
76873,32,18,14
76874,48,31,17
76875,310,226,84
76877,1611,1112,499
76878,622,390,232
76882,100,62,38
76884,69,60,9
76885,11,11,0
76887,57,46,11
76888,31,21,10
76890,361,282,79
76901,10099,7074,3025
76903,12270,8136,4134
76904,12233,7967,4266
76905,3630,2872,758
76930,52,42,10
76932,1055,853,202
76933,563,382,181
76934,420,306,114
76935,439,343,96
76936,1087,792,295
76937,97,85,12
76940,44,37,7
76941,605,453,152
76943,1449,1068,381
76945,797,541,256
76949,16,12,4
76950,1500,1170,330
76951,511,391,120
76953,25,16,9
76955,42,32,10
76958,104,81,23
77002,1802,306,1496
77003,2569,1790,779
77004,11644,5922,5722
77005,9482,5882,3600
77006,10989,2743,8246
77007,9305,4684,4621
77008,12428,6334,6094
77009,14272,9272,5000
77010,38,19,19
77011,6332,5062,1270
77012,6758,5538,1220
77013,5341,4205,1136
77014,7766,4986,2780
77015,16391,12452,3939
77016,9729,7377,2352
77017,9657,7431,2226
77018,10631,6743,3888
77019,7936,3274,4662
77020,8234,6156,2078
77021,8770,5879,2891
77022,9990,7102,2888
77023,9580,7279,2301
77024,13971,9133,4838
77025,11169,5879,5290
77026,9526,6489,3037
77027,8391,2926,5465
77028,5560,4062,1498
77029,5816,4439,1377
77030,5463,2515,2948
77031,6118,4235,1883
77032,3579,2725,854
77033,8962,6859,2103
77034,9581,6399,3182
77035,14335,9779,4556
77036,28375,18280,10095
77037,5320,4384,936
77038,5914,4831,1083
77039,7756,6529,1227
77040,14570,10268,4302
77041,7666,6336,1330
77042,18162,8661,9501
77043,8300,6083,2217
77044,4133,3359,774
77045,7473,6196,1277
77046,302,121,181
77047,3667,2858,809
77048,4650,3624,1026
77049,5181,4112,1069
77050,1300,1071,229
77051,4873,3251,1622
77053,7109,6150,959
77054,9289,3358,5931
77055,14005,10145,3860
77056,7302,3334,3968
77057,20130,7358,12772
77058,8047,3766,4281
77059,5162,4714,448
77060,11664,8322,3342
77061,8965,6292,2673
77062,9617,7747,1870
77063,14709,5862,8847
77064,11794,9184,2610
77065,10360,7177,3183
77066,8947,7242,1705
77067,7856,5834,2022
77068,3429,2790,639
77069,6808,4257,2551
77070,12124,8816,3308
77071,9203,6489,2714
77072,15920,12469,3451
77073,5186,3245,1941
77074,13896,9064,4832
77075,7470,5460,2010
77076,8508,6868,1640
77077,20144,11074,9070
77078,4120,3446,674
77079,11957,9009,2948
77080,15169,10955,4214
77081,17391,10944,6447
77082,15334,8647,6687
77083,15763,13086,2677
77084,21997,16670,5327
77085,2207,1805,402
77086,5889,4889,1000
77087,10311,8018,2293
77088,15558,12099,3459
77089,12148,9610,2538
77090,11487,6166,5321
77091,8889,6143,2746
77092,14160,9334,4826
77093,12327,9942,2385
77094,2351,2179,172
77095,13298,10814,2484
77096,14333,9400,4933
77098,7274,2240,5034
77099,14091,10500,3591
77301,8107,5724,2383
77302,4363,3606,757
77303,3927,3071,856
77304,6430,4277,2153
77306,2676,2148,528
77316,3391,2557,834
77318,3782,2991,791
77320,8325,5698,2627
77326,78,49,29
77327,10219,7926,2293
77331,2466,1757,709
77333,82,44,38
77334,63,40,23
77335,757,537,220
77336,3012,2415,597
77338,7366,5229,2137
77339,11324,8928,2396
77340,8781,4990,3791
77341,0,0,0
77345,7397,6549,848
77346,9324,8031,1293
77351,10410,7659,2751
77354,5320,4476,844
77355,4848,4029,819
77356,5953,4627,1326
77357,5735,4530,1205
77358,1462,1006,456
77359,232,192,40
77360,1798,1257,541
77362,1038,790,248
77363,794,575,219
77364,855,612,243
77365,5492,4249,1243
77367,98,66,32
77368,346,241,105
77369,558,381,177
77371,2612,1952,660
77372,3459,2721,738
77373,12319,9957,2362
77374,130,102,28
77375,11858,9223,2635
77376,191,145,46
77378,3597,2845,752
77379,15155,12969,2186
77380,7740,5363,2377
77381,12392,10177,2215
77382,4539,3973,566
77384,1342,1175,167
77385,3183,2645,538
77386,4781,3843,938
77388,8993,7680,1313
77389,4347,3680,667
77396,6800,5499,1301
77401,6099,4343,1756
77412,90,76,14
77414,8937,6288,2649
77415,70,49,21
77417,619,468,151
77418,3367,2471,896
77419,519,391,128
77420,689,566,123
77422,4722,3593,1129
77423,2268,1680,588
77426,516,380,136
77428,32,12,20
77429,14029,12074,1955
77430,868,660,208
77432,153,127,26
77433,1116,896,220
77434,1710,1293,417
77435,1544,1133,411
77437,5704,4226,1478
77440,89,60,29
77441,803,653,150
77442,519,315,204
77443,54,27,27
77444,225,151,74
77445,3618,2631,987
77446,529,275,254
77447,2600,2188,412
77448,181,152,29
77449,12108,10182,1926
77450,15501,13387,2114
77451,215,144,71
77454,54,38,16
77455,667,517,150
77456,433,335,98
77457,329,195,134
77458,92,68,24
77459,10746,9423,1323
77461,2767,2213,554
77463,37,10,27
77464,174,140,34
77465,2336,1768,568
77466,279,221,58
77467,66,43,23
77468,95,53,42
77469,13324,11211,2113
77470,113,86,27
77471,9118,7046,2072
77473,51,28,23
77474,3785,2856,929
77475,331,238,93
77476,435,329,106
77477,9791,7184,2607
77478,17138,14605,2533
77479,16502,14771,1731
77480,2575,2152,423
77481,73,58,15
77482,841,633,208
77483,144,108,36
77484,3038,2306,732
77485,888,697,191
77486,2765,2053,712
77488,5660,3895,1765
77489,10152,8615,1537
77493,4677,4021,656
77494,3722,3262,460
77502,11364,8797,2567
77503,7707,5898,1809
77504,7558,5019,2539
77505,7020,5550,1470
77506,11762,9047,2715
77507,0,0,0
77510,4890,3865,1025
77511,14636,11313,3323
77514,1936,1439,497
77515,9452,7190,2262
77517,1609,1276,333
77518,2556,1813,743
77519,520,426,94
77520,15783,11892,3891
77521,13817,10281,3536
77530,8529,6854,1675
77531,5243,3732,1511
77532,7150,5652,1498
77533,370,288,82
77534,914,750,164
77535,8288,6707,1581
77536,9621,7922,1699
77538,284,230,54
77539,9797,7032,2765
77541,6397,4709,1688
77545,1936,1653,283
77546,13264,10690,2574
77547,2702,2185,517
77550,12367,6963,5404
77551,8995,5391,3604
77553,0,0,0
77554,3656,2336,1320
77560,385,274,111
77561,212,155,57
77562,3485,2686,799
77563,3469,2423,1046
77564,862,648,214
77565,2770,1656,1114
77566,10165,7914,2251
77568,5167,3639,1528
77571,11560,9209,2351
77573,14662,11534,3128
77575,5155,3835,1320
77577,378,243,135
77578,1950,1547,403
77581,10918,8747,2171
77582,258,207,51
77583,3225,2587,638
77584,10398,8521,1877
77585,347,272,75
77586,7783,5151,2632
77587,4296,3458,838
77590,11110,8130,2980
77591,4037,2620,1417
77597,307,237,70
77598,9130,4636,4494
77611,3603,2784,819
77612,2903,2251,652
77613,359,269,90
77614,474,353,121
77615,670,521,149
77616,522,397,125
77617,247,138,109
77619,6516,4769,1747
77622,528,395,133
77623,198,123,75
77624,285,219,66
77625,2883,2173,710
77627,8553,6276,2277
77629,292,210,82
77630,11024,7831,3193
77632,7954,6289,1665
77640,7904,5366,2538
77642,13671,9267,4404
77650,1342,880,462
77651,5304,4066,1238
77655,236,185,51
77656,6366,4736,1630
77657,5514,4421,1093
77659,1672,1295,377
77660,489,400,89
77662,9999,7727,2272
77663,497,411,86
77664,1075,839,236
77665,2422,1800,622
77701,5831,3763,2068
77702,1241,733,508
77703,5855,3989,1866
77705,10444,7324,3120
77706,11833,7196,4637
77707,6236,4495,1741
77708,4213,3062,1151
77713,3603,2692,911
77801,5461,2594,2867
77802,8476,5199,3277
77803,8542,6263,2279
77807,2434,1647,787
77808,2661,2140,521
77830,964,640,324
77831,955,746,209
77833,9503,6695,2808
77835,831,568,263
77836,4102,3026,1076
77837,742,491,251
77840,16914,5329,11585
77845,10783,7601,3182
77853,416,288,128
77855,83,66,17
77856,1530,1120,410
77857,203,136,67
77859,2444,1741,703
77861,672,538,134
77864,2466,1786,680
77865,554,428,126
77866,39,32,7
77867,44,42,2
77868,4405,3212,1193
77870,96,76,20
77871,1391,1013,378
77872,699,513,186
77873,390,253,137
77876,182,151,31
77878,276,211,65
77879,1839,1254,585
77880,486,357,129
77882,114,68,46
77901,14569,10178,4391
77904,8770,6752,2018
77905,4842,3945,897
77950,101,66,35
77951,765,620,145
77954,3830,2767,1063
77957,3259,2324,935
77960,47,42,5
77961,62,41,21
77962,1176,909,267
77963,2096,1568,528
77964,3074,2163,911
77968,770,630,140
77969,49,45,4
77970,163,128,35
77971,276,222,54
77973,22,13,9
77974,115,88,27
77975,751,509,242
77977,204,168,36
77978,290,227,63
77979,5961,4532,1429
77982,516,356,160
77983,750,552,198
77984,1779,1276,503
77988,244,173,71
77990,326,258,68
77991,120,112,8
77994,176,111,65
77995,3498,2509,989
78001,11,5,6
78002,2081,1587,494
78003,3073,2188,885
78004,330,284,46
78005,198,148,50
78006,6911,5375,1536
78007,73,48,25
78008,169,117,52
78009,2241,1847,394
78010,953,668,285
78011,634,489,145
78012,162,129,33
78013,1803,1359,444
78014,1461,1096,365
78015,1988,1832,156
78016,3082,2432,650
78017,1253,973,280
78019,261,203,58
78021,45,40,5
78022,1743,1294,449
78023,2692,2233,459
78024,456,355,101
78025,1964,1435,529
78026,1725,1354,371
78027,136,112,24
78028,14028,9615,4413
78039,562,436,126
78040,11909,9581,2328
78041,11163,9243,1920
78043,9383,8034,1349
78045,7911,7215,696
78046,9607,9113,494
78050,213,153,60
78052,1718,1407,311
78053,37,23,14
78055,530,356,174
78056,370,258,112
78057,306,212,94
78058,192,134,58
78059,1622,1292,330
78061,3027,2359,668
78063,2935,2202,733
78064,4411,3374,1037
78065,2876,2316,560
78066,156,156,0
78067,0,0,0
78069,1439,1136,303
78070,2605,2126,479
78071,1316,953,363
78072,259,174,85
78073,2050,1714,336
78074,17,8,9
78075,45,45,0
78076,3912,3179,733
78101,2164,1833,331
78102,7789,5650,2139
78107,114,67,47
78108,3289,2607,682
78109,7586,6359,1227
78112,1903,1616,287
78113,753,539,214
78114,5651,4568,1083
78116,102,63,39
78117,204,175,29
78118,1407,1006,401
78119,1769,1298,471
78121,2471,2014,457
78122,185,150,35
78123,923,680,243
78124,1555,1239,316
78125,23,13,10
78130,16054,11781,4273
78132,3898,3099,799
78133,5612,4079,1533
78140,1100,829,271
78141,244,182,62
78142,106,70,36
78143,38,23,15
78144,11,6,5
78145,24,18,6
78146,239,172,67
78147,622,496,126
78148,7125,5171,1954
78151,554,411,143
78152,801,660,141
78154,6226,5018,1208
78155,13887,10392,3495
78159,406,282,124
78160,1281,968,313
78161,136,106,30
78163,2678,2215,463
78164,1613,1097,516
78201,16721,11150,5571
78202,3987,2614,1373
78203,2022,1398,624
78204,3730,2725,1005
78205,1011,135,876
78207,15557,11863,3694
78208,1781,1247,534
78209,18109,10027,8082
78210,12357,8760,3597
78211,8681,7339,1342
78212,12159,6393,5766
78213,16184,9884,6300
78214,7607,5890,1717
78215,548,198,350
78216,17318,9433,7885
78217,13905,8420,5485
78218,11138,7185,3953
78219,4990,3744,1246
78220,5979,4291,1688
78221,11229,9119,2110
78222,5130,3902,1228
78223,15208,10853,4355
78224,3946,3371,575
78225,4318,3398,920
78226,2753,2262,491
78227,12652,9964,2688
78228,18280,14247,4033
78229,13015,5871,7144
78230,15316,9658,5658
78231,2949,2075,874
78232,13843,9420,4423
78233,13125,9768,3357
78234,930,909,21
78235,168,168,0
78236,275,259,16
78237,10194,8339,1855
78238,7571,5073,2498
78239,8924,6861,2063
78240,19356,10895,8461
78242,8022,6606,1416
78244,5555,4709,846
78245,9970,7970,2000
78247,13990,11060,2930
78248,5087,3775,1312
78249,12350,9039,3311
78250,21541,17988,3553
78251,9390,6757,2633
78252,593,473,120
78253,3276,2834,442
78254,465,410,55
78255,1140,921,219
78256,1613,818,795
78257,916,704,212
78258,5877,4967,910
78259,2960,2700,260
78260,947,773,174
78261,370,334,36
78263,1459,1185,274
78264,2282,1838,444
78266,1197,1049,148
78330,319,272,47
78332,9280,7333,1947
78336,4419,3261,1158
78338,23,20,3
78339,264,240,24
78340,141,92,49
78343,1606,1248,358
78344,173,141,32
78347,31,23,8
78349,133,108,25
78351,248,211,37
78352,22,22,0
78353,223,164,59
78355,2586,2011,575
78357,1036,759,277
78358,507,342,165
78359,675,573,102
78361,1816,1381,435
78362,3325,2465,860
78363,10333,7378,2955
78364,91,72,19
78368,3465,2684,781
78369,216,158,58
78370,1538,1263,275
78371,123,108,15
78372,1569,1222,347
78373,1581,1035,546
78374,5282,4261,1021
78375,1225,937,288
78376,43,27,16
78377,1468,1083,385
78379,488,373,115
78380,6886,5728,1158
78382,7495,5268,2227
78383,1200,883,317
78384,3413,2575,838
78385,103,83,20
78387,3191,2474,717
78389,662,510,152
78390,1941,1582,359
78391,114,94,20
78393,976,713,263
78401,1861,861,1000
78402,244,105,139
78404,6353,4097,2256
78405,5135,3858,1277
78406,265,235,30
78407,1258,998,260
78408,3572,2538,1034
78409,833,646,187
78410,8141,6554,1587
78411,10560,7544,3016
78412,13385,8862,4523
78413,13172,9157,4015
78414,5941,4110,1831
78415,12557,9657,2900
78416,4991,4057,934
78417,905,775,130
78418,10013,7085,2928
78501,18677,14304,4373
78503,4545,3882,663
78504,10553,8440,2113
78516,7151,6125,1026
78520,13885,11149,2736
78521,22196,19315,2881
78526,6752,6066,686
78537,8290,7247,1043
78538,2014,1773,241
78539,23305,19798,3507
78543,2030,1724,306
78545,23,15,8
78547,336,290,46
78548,472,394,78
78549,245,198,47
78550,16568,12583,3985
78552,9604,7910,1694
78557,1850,1703,147
78558,577,535,42
78559,2938,2381,557
78560,981,895,86
78562,484,451,33
78563,108,58,50
78565,171,112,59
78566,3293,2815,478
78569,1574,1267,307
78570,7703,6575,1128
78572,30725,26962,3763
78575,1209,952,257
78576,899,811,88
78577,12988,11172,1816
78578,3386,2627,759
78579,742,700,42
78580,3753,3098,655
78582,8827,7763,1064
78583,1614,1310,304
78584,4662,4160,502
78586,12729,10852,1877
78588,58,53,5
78589,7242,6513,729
78592,431,383,48
78593,1171,1017,154
78594,135,124,11
78595,1258,1209,49
78596,14099,11947,2152
78597,1395,831,564
78598,176,132,44
78602,6304,4570,1734
78605,1365,1051,314
78606,1600,1172,428
78607,112,67,45
78608,109,104,5
78609,1120,766,354
78610,4373,3709,664
78611,4053,2945,1108
78612,2902,2279,623
78613,11404,9555,1849
78614,158,122,36
78615,428,321,107
78616,1496,1165,331
78617,4108,3212,896
78618,99,81,18
78619,593,448,145
78620,3318,2690,628
78621,5455,4132,1323
78622,133,115,18
78623,86,79,7
78624,7461,5250,2211
78626,6174,4500,1674
78628,9941,8204,1737
78629,4135,2965,1170
78631,719,521,198
78632,260,199,61
78634,1286,1120,166
78635,43,28,15
78636,1255,914,341
78638,687,525,162
78639,2502,1676,826
78640,4632,3815,817
78641,6437,5171,1266
78642,2042,1659,383
78643,2470,1743,727
78644,4880,3718,1162
78645,3189,2190,999
78648,2600,1840,760
78650,410,300,110
78652,1083,905,178
78653,1646,1287,359
78654,7287,5330,1957
78655,797,609,188
78656,740,567,173
78657,542,396,146
78658,27,10,17
78659,1097,818,279
78660,11030,9170,1860
78661,105,81,24
78662,789,503,286
78663,164,126,38
78664,15864,11890,3974
78666,17708,9674,8034
78669,2221,1620,601
78670,22,0,22
78671,263,193,70
78672,570,351,219
78675,52,52,0
78676,3768,2739,1029
78681,10494,8966,1528
78701,1707,377,1330
78702,7289,4838,2451
78703,9565,4572,4993
78704,20753,8585,12168
78705,9937,1419,8518
78717,2680,2216,464
78719,527,422,105
78721,3104,2280,824
78722,2830,1125,1705
78723,10513,6630,3883
78724,3843,3190,653
78725,721,509,212
78726,2246,1834,412
78727,9446,5663,3783
78728,7978,4143,3835
78729,9970,6135,3835
78730,1929,1384,545
78731,11707,5967,5740
78732,1457,1082,375
78733,2949,2422,527
78734,5001,3752,1249
78735,4228,2572,1656
78736,2576,1962,614
78737,2487,2120,367
78738,1107,892,215
78739,2650,2405,245
78741,17118,6780,10338
78742,185,150,35
78744,10125,7403,2722
78745,20558,12669,7889
78746,9876,6922,2954
78747,1900,1437,463
78748,9189,6846,2343
78749,10749,7548,3201
78750,8854,6679,2175
78751,7322,2108,5214
78752,6736,3440,3296
78753,16436,10138,6298
78754,2416,1451,965
78756,4040,1409,2631
78757,9969,5137,4832
78758,18179,9415,8764
78759,19507,9644,9863
78801,7012,5539,1473
78827,471,365,106
78828,191,138,53
78829,391,353,38
78830,271,207,64
78832,1268,901,367
78833,575,421,154
78834,2420,1975,445
78836,40,40,0
78837,183,131,52
78838,64,47,17
78839,2490,2007,483
78840,13899,11203,2696
78850,419,333,86
78851,19,13,6
78852,12721,10954,1767
78860,72,72,0
78861,3491,2747,744
78870,267,210,57
78872,545,418,127
78873,634,434,200
78877,276,231,45
78879,86,52,34
78880,580,430,150
78881,784,584,200
78883,119,97,22
78884,546,407,139
78885,97,68,29
78886,206,155,51
78932,198,145,53
78933,310,221,89
78934,2578,1764,814
78935,178,161,17
78938,156,103,53
78940,783,546,237
78941,848,607,241
78942,2819,2071,748
78943,107,78,29
78944,262,186,76
78945,3999,2853,1146
78946,421,288,133
78947,1548,1174,374
78948,377,275,102
78949,244,186,58
78950,660,494,166
78953,290,197,93
78954,432,269,163
78956,2005,1366,639
78957,3233,2228,1005
78959,593,417,176
78960,37,31,6
78962,1621,1125,496
78963,177,147,30
79001,116,78,38
79002,24,24,0
79003,71,50,21
79005,520,395,125
79007,6097,4457,1640
79009,673,545,128
79010,213,171,42
79011,116,89,27
79012,159,127,32
79013,730,640,90
79014,1244,920,324
79015,6123,3987,2136
79018,193,155,38
79019,733,572,161
79021,60,51,9
79022,3207,2360,847
79024,166,109,57
79025,36,31,5
79027,1831,1407,424
79029,5274,4138,1136
79031,464,343,121
79032,54,50,4
79033,54,29,25
79034,251,151,100
79035,1712,1337,375
79036,2143,1641,502
79039,327,252,75
79040,692,542,150
79041,1184,898,286
79042,455,291,164
79043,528,428,100
79044,200,146,54
79045,6080,4787,1293
79046,266,186,80
79051,10,8,2
79052,491,399,92
79053,49,43,6
79054,289,197,92
79056,21,11,10
79057,479,303,176
79059,297,219,78
79061,134,96,38
79062,97,79,18
79063,283,236,47
79064,992,785,207
79065,8004,5588,2416
79068,1237,922,315
79070,3115,2401,714
79072,9200,7013,2187
79078,155,112,43
79079,1188,789,399
79080,319,254,65
79081,1355,994,361
79082,79,60,19
79083,1034,775,259
79084,848,633,215
79086,744,574,170
79087,297,217,80
79088,2179,1618,561
79091,61,45,16
79092,463,352,111
79093,20,12,8
79095,1129,791,338
79096,731,534,197
79097,497,369,128
79098,174,149,25
79101,1239,465,774
79102,4055,2517,1538
79103,3432,2720,712
79104,2400,1851,549
79106,11841,7198,4643
79107,10448,7839,2609
79108,4227,3278,949
79109,20036,12578,7458
79110,6789,5032,1757
79111,522,439,83
79118,4517,3593,924
79119,1405,1087,318
79121,2539,1941,598
79124,1895,1570,325
79201,2504,1677,827
79220,76,47,29
79223,12,8,4
79225,452,321,131
79226,1312,895,417
79227,705,469,236
79229,193,126,67
79230,75,58,17
79231,30,30,0
79232,20,18,2
79233,69,36,33
79234,66,46,20
79235,1658,1268,390
79236,53,48,5
79237,228,138,90
79239,100,70,30
79240,33,26,7
79241,1016,808,208
79243,50,29,21
79244,352,258,94
79245,1070,695,375
79247,38,24,14
79248,786,532,254
79250,577,452,125
79251,29,26,3
79252,1529,1035,494
79255,244,166,78
79256,149,100,49
79257,470,335,135
79259,15,10,5
79261,249,166,83
79311,1256,1015,241
79312,318,251,67
79313,605,465,140
79314,53,39,14
79316,3868,2916,952
79320,29,22,7
79322,798,587,211
79323,1940,1598,342
79324,37,33,4
79325,791,615,176
79326,20,20,0
79329,1120,860,260
79330,10,10,0
79331,4448,3356,1092
79336,5871,4459,1412
79339,2741,1982,759
79342,136,115,21
79343,657,499,158
79344,59,42,17
79345,324,285,39
79346,987,790,197
79347,2328,1758,570
79350,178,154,24
79351,574,444,130
79353,15,5,10
79355,663,533,130
79356,1734,1277,457
79357,962,729,233
79358,474,379,95
79359,1048,804,244
79360,3375,2743,632
79363,1685,1337,348
79364,3054,2205,849
79366,603,468,135
79367,258,211,47
79369,43,33,10
79370,741,494,247
79371,460,326,134
79372,473,387,86
79373,1352,997,355
79376,29,21,8
79377,138,102,36
79378,88,68,20
79379,220,152,68
79380,70,46,24
79381,288,232,56
79382,1659,1359,300
79383,101,89,12
79401,4498,2097,2401
79403,4789,3778,1011
79404,3029,2297,732
79405,1033,715,318
79406,41,0,41
79407,7096,4200,2896
79410,4167,2196,1971
79411,2184,1232,952
79412,5700,3998,1702
79413,8659,5627,3032
79414,7414,4082,3332
79415,5985,3675,2310
79416,9631,5916,3715
79423,9268,6874,2394
79424,10812,7544,3268
79501,1353,1023,330
79502,624,432,192
79503,92,69,23
79504,1219,849,370
79505,118,90,28
79506,350,261,89
79508,427,352,75
79510,2908,2244,664
79511,551,424,127
79512,2351,1687,664
79517,69,58,11
79518,55,38,17
79519,14,4,10
79520,1063,724,339
79521,1613,1112,501
79525,1060,871,189
79526,421,305,116
79527,99,73,26
79528,249,181,68
79529,591,392,199
79530,191,147,44
79532,381,251,130
79533,181,118,63
79534,87,70,17
79535,70,43,27
79536,1902,1351,551
79537,42,26,16
79538,92,69,23
79539,96,69,27
79540,45,21,24
79541,257,220,37
79543,499,361,138
79544,269,186,83
79545,693,526,167
79546,906,619,287
79547,349,260,89
79548,103,61,42
79549,5222,3764,1458
79553,1553,1102,451
79556,5269,3666,1603
79560,80,56,24
79561,263,205,58
79562,980,765,215
79563,418,315,103
79565,106,75,31
79566,138,98,40
79567,1512,1106,406
79601,7125,4040,3085
79602,6968,5025,1943
79603,8673,6331,2342
79605,12877,8745,4132
79606,7376,5128,2248
79607,1132,1112,20
79701,8526,6216,2310
79703,6846,5071,1775
79705,11011,7797,3214
79706,5254,4244,1010
79707,10467,7335,3132
79713,224,173,51
79714,4586,3540,1046
79718,257,190,67
79719,208,161,47
79720,10858,7597,3261
79730,100,81,19
79731,1303,1016,287
79733,90,78,12
79734,780,550,230
79735,4209,3258,951
79738,87,63,24
79739,336,249,87
79740,15,15,0
79741,101,66,35
79742,201,144,57
79743,200,156,44
79744,511,420,91
79745,2221,1703,518
79748,73,65,8
79749,61,55,6
79752,801,581,220
79754,30,17,13
79755,73,62,11
79756,3286,2464,822
79758,665,513,152
79759,11,11,0
79761,10567,7467,3100
79762,14371,9882,4489
79763,10476,8105,2371
79764,6105,4604,1501
79765,1587,1203,384
79766,572,506,66
79772,3541,2788,753
79776,16,12,4
79777,80,54,26
79778,343,256,87
79780,235,146,89
79781,121,83,38
79782,1254,965,289
79783,68,52,16
79785,46,23,23
79788,155,117,38
79789,347,263,84
79821,1364,1184,180
79830,2967,1768,1199
79831,120,79,41
79834,36,26,10
79835,2870,2498,372
79836,1490,1225,265
79837,234,179,55
79838,2208,1971,237
79839,553,457,96
79842,230,152,78
79843,1070,702,368
79845,1390,1122,268
79846,48,35,13
79847,16,10,6
79848,392,261,131
79849,2492,2312,180
79851,251,174,77
79852,286,195,91
79853,727,680,47
79854,107,71,36
79855,999,771,228
79901,4498,2877,1621
79902,8714,5288,3426
79903,6579,4704,1875
79904,10851,8461,2390
79905,8558,6892,1666
79906,1201,1184,17
79907,15282,13546,1736
79908,318,318,0
79912,24364,16955,7409
79915,12808,10629,2179
79922,2789,2350,439
79924,18855,14850,4005
79925,15284,10753,4531
79927,13790,12679,1111
79930,9285,6967,2318
79932,5158,4267,891
79934,2995,2671,324
79935,6635,5054,1581
79936,26894,23372,3522
79938,4034,3597,437
80002,6769,4304,2465
80003,13752,9504,4248
80004,14324,10177,4147
80005,9239,7080,2159
80007,1951,1728,223
80010,13938,9570,4368
80011,16499,11181,5318
80012,18135,11033,7102
80013,20025,15253,4772
80014,16351,8393,7958
80015,17963,14523,3440
80016,2427,2184,243
80017,11720,7685,4035
80018,937,770,167
80019,14,14,0
80020,16579,12912,3667
80021,10394,7336,3058
80022,8899,6684,2215
80024,91,50,41
80025,86,27,59
80026,9619,6670,2949
80027,10853,7340,3513
80030,6412,4001,2411
80031,10968,8061,2907
80033,11162,6400,4762
80101,137,110,27
80102,1535,1206,329
80103,721,557,164
80104,10661,8652,2009
80105,432,316,116
80106,1122,972,150
80107,3586,3099,487
80110,18649,10602,8047
80111,9533,7068,2465
80112,7705,5734,1971
80116,1313,1153,160
80117,759,603,156
80118,1524,1320,204
80120,12472,7530,4942
80121,6772,5361,1411
80122,11896,9051,2845
80123,16551,11263,5288
80124,4422,3625,797
80125,1998,1713,285
80126,23835,18933,4902
80127,13159,10862,2297
80128,12234,9428,2806
80132,4629,4075,554
80133,625,423,202
80134,10030,8670,1360
80135,1360,1106,254
80136,859,702,157
80137,325,252,73
80138,6872,5838,1034
80202,2989,621,2368
80203,11853,1802,10051
80204,11147,6799,4348
80205,10352,6027,4325
80206,11503,3598,7905
80207,7966,5415,2551
80209,11521,4368,7153
80210,15527,6633,8894
80211,13896,8315,5581
80212,8790,4461,4329
80214,6746,3573,3173
80215,13293,7541,5752
80216,2812,2259,553
80218,11457,2391,9066
80219,19396,13979,5417
80220,15578,7936,7642
80221,13062,9153,3909
80222,9703,4580,5123
80223,6982,4065,2917
80224,8342,4323,4019
80226,12019,7545,4474
80227,13954,8579,5375
80228,12812,8256,4556
80229,14398,10294,4104
80230,850,519,331
80231,27814,11583,16231
80232,8762,5938,2824
80233,12986,9686,3300
80234,9428,6136,3292
80235,3256,1835,1421
80236,5903,3834,2069
80237,8424,4092,4332
80239,8462,6791,1671
80241,9106,7408,1698
80246,7063,2509,4554
80249,2631,2056,575
80260,12174,7666,4508
80264,0,0,0
80290,0,0,0
80293,0,0,0
80294,0,0,0
80301,9689,5359,4330
80302,11568,3973,7595
80303,17933,8786,9147
80304,10356,5677,4679
80401,15663,10103,5560
80403,6852,4833,2019
80420,298,157,141
80421,3147,2442,705
80422,177,80,97
80423,42,26,16
80424,2999,1386,1613
80425,52,37,15
80426,26,26,0
80427,216,102,114
80428,149,95,54
80430,8,5,3
80432,122,74,48
80433,3138,2548,590
80434,34,26,8
80435,2449,1314,1135
80436,131,93,38
80438,272,141,131
80439,9283,6984,2299
80440,688,449,239
80442,649,334,315
80443,1385,730,655
80444,582,323,259
80446,1231,834,397
80447,829,562,267
80448,91,45,46
80449,316,240,76
80451,243,159,84
80452,1230,780,450
80454,394,286,108
80455,192,100,92
80456,231,167,64
80457,170,127,43
80459,858,617,241
80461,2879,1876,1003
80463,100,74,26
80465,5481,4273,1208
80466,1366,801,565
80467,750,485,265
80468,210,157,53
80469,132,94,38
80470,1277,953,324
80473,28,20,8
80474,172,90,82
80476,71,38,33
80478,313,196,117
80479,19,19,0
80480,597,397,200
80481,261,191,70
80482,725,333,392
80483,243,139,104
80487,5778,3379,2399
80498,2273,1424,849
80501,20782,14278,6504
80503,9619,7102,2517
80504,3036,2526,510
80510,216,120,96
80512,861,588,273
80513,3879,3134,745
80514,1090,775,315
80515,346,263,83
80516,2993,2380,613
80517,4177,2666,1511
80520,431,348,83
80521,11659,5179,6480
80524,10844,6670,4174
80525,16829,10915,5914
80526,16179,10441,5738
80528,2081,1591,490
80530,785,621,164
80532,53,45,8
80534,1684,1332,352
80535,1255,889,366
80536,636,458,178
80537,13132,9379,3753
80538,13303,10125,3178
80540,1616,1164,452
80542,272,231,41
80543,967,809,158
80545,335,228,107
80547,70,45,25
80549,1744,1344,400
80550,4116,3139,977
80601,11256,8875,2381
80610,861,630,231
80611,209,151,58
80612,76,43,33
80615,2000,1529,471
80620,3376,2424,952
80621,3608,2869,739
80623,311,269,42
80624,331,278,53
80631,15368,9405,5963
80634,15508,10998,4510
80640,685,566,119
80642,944,776,168
80643,607,479,128
80644,892,747,145
80645,1354,1057,297
80648,250,198,52
80649,127,106,21
80650,504,381,123
80651,1396,1092,304
80652,238,174,64
80653,284,197,87
80654,712,569,143
80701,5362,3926,1436
80705,323,266,57
80720,1091,735,356
80721,68,59,9
80722,169,132,37
80723,2500,1739,761
80726,158,102,56
80727,205,151,54
80728,340,249,91
80729,222,141,81
80731,654,450,204
80733,136,112,24
80734,1155,804,351
80735,139,103,36
80736,261,207,54
80737,767,516,251
80740,49,38,11
80741,325,264,61
80742,109,83,26
80743,428,319,109
80744,218,148,70
80745,61,51,10
80747,195,149,46
80749,176,131,45
80750,149,112,37
80751,6046,3915,2131
80754,64,45,19
80755,66,46,20
80757,114,88,26
80758,1449,987,462
80759,1698,1172,526
80801,66,49,17
80802,101,79,22
80804,172,113,59
80805,164,129,35
80807,1741,1222,519
80808,2074,1667,407
80809,622,407,215
80810,541,365,176
80812,96,76,20
80813,806,494,312
80814,1318,1047,271
80815,425,287,138
80816,1391,986,405
80817,5355,4328,1027
80818,156,102,54
80819,427,266,161
80820,346,224,122
80821,487,329,158
80822,106,93,13
80823,107,90,17
80824,100,76,24
80825,211,146,65
80827,242,159,83
80828,1062,712,350
80829,2673,1394,1279
80830,99,74,25
80831,3528,2946,582
80832,273,200,73
80833,275,205,70
80834,175,109,66
80835,311,226,85
80836,462,342,120
80840,1136,1125,11
80860,278,170,108
80861,89,62,27
80862,25,18,7
80863,4273,3300,973
80864,433,300,133
80866,37,25,12
80903,6472,2721,3751
80904,9351,4973,4378
80905,1548,778,770
80906,19754,12617,7137
80907,12245,7059,5186
80908,3153,2742,411
80909,15940,9648,6292
80910,10026,6494,3532
80911,9897,8120,1777
80913,1677,1607,70
80915,7486,5644,1842
80916,11731,8764,2967
80917,12259,8109,4150
80918,18655,13300,5355
80919,10504,8063,2441
80920,10360,8767,1593
80921,2897,2554,343
80922,4130,3595,535
80925,844,781,63
80926,565,465,100
80928,359,294,65
80929,85,58,27
80930,203,166,37
81001,11768,7874,3894
81003,5458,3079,2379
81004,11197,6896,4301
81005,10672,7773,2899
81006,4297,3309,988
81007,6148,5020,1128
81008,2672,1888,784
81020,409,280,129
81021,7,7,0
81022,541,436,105
81023,501,337,164
81024,60,41,19
81025,402,280,122
81027,72,49,23
81029,171,143,28
81030,73,39,34
81033,60,47,13
81036,445,286,159
81039,814,566,248
81040,246,146,100
81041,278,210,68
81043,36,28,8
81044,109,72,37
81045,54,43,11
81047,718,520,198
81049,133,85,48
81050,4211,2928,1283
81052,4080,2844,1236
81054,1610,1101,509
81055,684,438,246
81057,164,137,27
81058,407,277,130
81059,50,45,5
81062,347,258,89
81063,727,496,231
81064,153,115,38
81066,26,12,14
81067,2371,1665,706
81069,991,745,246
81071,153,112,41
81073,931,582,349
81076,193,138,55
81077,166,117,49
81081,27,25,2
81082,5114,3359,1755
81084,65,44,21
81087,70,53,17
81089,2044,1262,782
81090,542,354,188
81091,267,192,75
81092,314,247,67
81101,5162,3451,1711
81120,965,680,285
81121,106,85,21
81122,2140,1547,593
81123,291,236,55
81124,59,47,12
81125,1202,923,279
81126,63,36,27
81127,13,13,0
81128,34,30,4
81130,364,242,122
81131,432,200,232
81132,1276,934,342
81133,330,235,95
81136,102,82,20
81137,1759,1290,469
81140,864,636,228
81141,483,371,112
81143,245,161,84
81144,2931,2146,785
81146,193,160,33
81147,3809,2744,1065
81148,148,119,29
81149,393,267,126
81151,497,391,106
81152,587,382,205
81153,139,84,55
81154,515,371,144
81155,47,41,6
81201,3886,2449,1437
81210,71,43,28
81211,2258,1580,678
81212,9963,6620,3343
81220,66,55,11
81221,66,46,20
81222,156,128,28
81223,586,450,136
81224,1228,577,651
81225,252,110,142
81226,2325,1624,701
81230,3688,2004,1684
81233,399,296,103
81235,338,228,110
81236,484,358,126
81239,81,57,24
81240,1628,1300,328
81241,30,26,4
81243,27,19,8
81244,67,50,17
81248,39,0,39
81251,92,57,35
81252,1359,984,375
81253,142,111,31
81301,12693,7568,5125
81320,139,104,35
81321,5278,3659,1619
81323,1740,1252,488
81324,521,381,140
81325,55,35,20
81326,766,551,215
81327,201,175,26
81328,1423,1013,410
81330,14,0,14
81331,88,60,28
81332,120,53,67
81334,429,352,77
81335,74,54,20
81401,10265,7261,3004
81410,608,449,159
81411,107,85,22
81413,1982,1421,561
81415,570,407,163
81416,4468,3241,1227
81418,639,477,162
81419,1586,1150,436
81422,356,212,144
81423,545,361,184
81424,510,374,136
81425,1562,1220,342
81426,128,39,89
81427,437,280,157
81428,1472,1003,469
81430,42,20,22
81431,155,95,60
81432,891,649,242
81433,261,150,111
81434,87,50,37
81435,2276,1009,1267
81501,8952,4466,4486
81503,9051,6911,2140
81504,8587,6479,2108
81505,2699,1880,819
81506,4054,2730,1324
81520,4424,3229,1195
81521,3318,2463,855
81522,28,21,7
81523,225,184,41
81524,576,445,131
81525,195,162,33
81526,2055,1501,554
81527,541,396,145
81601,4908,3215,1693
81610,173,132,41
81611,4220,1809,2411
81615,843,412,431
81620,3583,1783,1800
81621,1928,1208,720
81623,4693,3316,1377
81624,469,348,121
81625,4623,3349,1274
81630,349,271,78
81631,1482,1153,329
81632,2896,1831,1065
81635,2041,1431,610
81637,1606,1245,361
81638,88,67,21
81639,831,617,214
81640,111,73,38
81641,1374,940,434
81642,53,13,40
81643,271,211,60
81645,353,217,136
81646,74,53,21
81647,1607,1282,325
81648,912,692,220
81649,112,70,42
81650,3633,2601,1032
81652,1143,810,333
81653,12,6,6
81654,508,255,253
81655,31,9,22
81656,164,70,94
81657,2456,914,1542
82001,14037,8682,5355
82007,6082,4192,1890
82009,10393,7818,2575
82050,75,64,11
82051,26,12,14
82052,20,12,8
82053,359,285,74
82054,271,226,45
82055,60,33,27
82058,6,0,6
82059,25,17,8
82060,72,42,30
82061,7,7,0
82063,82,47,35
82070,6835,3834,3001
82072,6106,3022,3084
82081,22,18,4
82082,694,479,215
82083,147,118,29
82084,7,7,0
82190,22,10,12
82201,2717,1927,790
82210,164,142,22
82212,215,133,82
82213,242,141,101
82214,533,368,165
82215,71,48,23
82217,37,24,13
82218,126,110,16
82219,28,14,14
82221,132,98,34
82222,47,39,8
82223,444,345,99
82224,35,29,6
82225,852,567,285
82227,97,65,32
82240,3856,2536,1320
82242,18,12,6
82243,44,44,0
82244,144,116,28
82301,3650,2487,1163
82310,59,37,22
82321,264,192,72
82322,47,33,14
82323,52,32,20
82324,138,94,44
82325,393,261,132
82327,354,245,109
82329,164,131,33
82331,1013,682,331
82332,62,24,38
82335,37,0,37
82336,147,106,41
82401,2962,2100,862
82410,672,463,209
82411,186,145,41
82412,205,153,52
82414,6008,4156,1852
82420,261,203,58
82421,250,184,66
82422,45,32,13
82423,12,12,0
82426,1089,741,348
82428,65,39,26
82430,39,24,15
82431,1239,902,337
82432,130,96,34
82433,321,224,97
82434,62,50,12
82435,3902,2660,1242
82440,24,19,5
82441,90,68,22
82442,339,219,120
82443,2078,1348,730
82501,6274,4331,1943
82510,206,180,26
82512,116,84,32
82513,806,501,305
82514,539,415,124
82515,222,150,72
82516,217,149,68
82520,4336,3040,1296
82523,339,262,77
82601,9710,5828,3882
82604,9259,6674,2585
82609,6558,4419,2139
82620,78,69,9
82633,3185,2326,859
82635,63,34,29
82636,487,368,119
82637,1498,1101,397
82639,321,221,100
82640,17,6,11
82642,32,22,10
82643,161,113,48
82644,473,267,206
82649,407,324,83
82701,1959,1425,534
82710,170,147,23
82711,61,61,0
82712,71,39,32
82714,27,17,10
82716,5697,3902,1795
82717,22,11,11
82718,5437,4372,1065
82720,389,275,114
82721,884,603,281
82723,167,112,55
82725,57,43,14
82727,345,291,54
82729,732,524,208
82730,533,383,150
82731,79,48,31
82732,538,408,130
82801,9323,5815,3508
82831,54,36,18
82832,174,109,65
82833,177,132,45
82834,2619,1792,827
82835,127,88,39
82836,377,259,118
82837,10,8,2
82838,116,94,22
82839,416,303,113
82842,413,280,133
82844,14,8,6
82845,16,10,6
82901,8909,6217,2692
82922,91,54,37
82923,177,130,47
82925,102,74,28
82929,24,16,8
82930,4763,3552,1211
82932,227,183,44
82933,339,254,85
82934,76,55,21
82935,4371,3387,984
82936,19,19,0
82937,1001,795,206
82938,73,57,16
82939,651,513,138
82941,1092,743,349
82942,39,10,29
82943,86,64,22
82944,71,62,9
82945,106,66,40
83001,5584,3149,2435
83011,99,49,50
83012,195,98,97
83013,221,124,97
83014,1424,767,657
83101,1062,739,323
83110,1322,1060,262
83111,198,188,10
83112,172,138,34
83113,729,564,165
83114,282,216,66
83115,171,122,49
83116,370,235,135
83118,216,179,37
83119,18,18,0
83120,128,114,14
83121,17,6,11
83122,136,93,43
83123,230,154,76
83124,45,33,12
83126,75,53,22
83127,667,516,151
83128,392,273,119
83201,13257,9079,4178
83202,5651,4522,1129
83203,151,104,47
83204,6658,4453,2205
83210,1061,832,229
83211,2027,1545,482
83212,67,57,10
83213,679,466,213
83214,183,157,26
83215,13,8,5
83217,282,214,68
83218,41,41,0
83220,59,36,23
83221,7965,6457,1508
83223,86,76,10
83226,961,648,313
83227,116,88,28
83228,182,157,25
83232,73,61,12
83234,406,294,112
83235,30,23,7
83236,691,551,140
83237,264,214,50
83238,26,18,8
83239,183,156,27
83241,721,545,176
83243,40,36,4
83244,114,100,14
83245,533,424,109
83246,384,241,143
83250,705,585,120
83251,433,274,159
83252,1396,1077,319
83253,69,58,11
83254,1483,1097,386
83255,376,310,66
83261,222,166,56
83262,422,335,87
83263,2616,2164,452
83271,179,151,28
83272,85,71,14
83274,2569,2184,385
83276,1530,1202,328
83277,42,35,7
83278,109,53,56
83281,49,49,0
83283,39,29,10
83285,40,26,14
83286,312,266,46
83287,71,49,22
83301,15789,10933,4856
83302,103,66,37
83311,160,128,32
83312,15,15,0
83313,1157,862,295
83314,327,247,80
83316,3423,2511,912
83318,5329,4103,1226
83320,275,221,54
83321,207,149,58
83322,19,14,5
83323,659,564,95
83324,181,146,35
83325,399,295,104
83327,351,257,94
83328,1671,1238,433
83330,2188,1572,616
83332,950,674,276
83333,3158,2175,983
83334,694,512,182
83335,564,468,96
83336,1680,1350,330
83337,9,5,4
83338,5410,4114,1296
83340,2698,1311,1387
83341,1591,1255,336
83342,383,310,73
83344,369,311,58
83346,430,339,91
83347,1125,823,302
83348,56,30,26
83349,302,221,81
83350,4314,3324,990
83352,929,654,275
83353,348,214,134
83354,62,27,35
83355,1585,1261,324
83401,9998,7526,2472
83402,9160,6334,2826
83404,6556,5072,1484
83406,2469,2103,366
83420,850,646,204
83421,88,88,0
83422,726,542,184
83423,308,235,73
83424,54,54,0
83425,189,162,27
83427,205,185,20
83428,115,84,31
83429,329,231,98
83431,252,197,55
83433,12,6,6
83434,492,410,82
83435,170,128,42
83436,182,171,11
83440,6623,4414,2209
83442,3973,3316,657
83443,277,213,64
83444,355,305,50
83445,2127,1682,445
83446,8,8,0
83448,586,509,77
83449,145,112,33
83450,295,246,49
83451,217,174,43
83452,360,239,121
83455,925,636,289
83462,257,210,47
83463,29,22,7
83464,133,101,32
83465,36,26,10
83466,109,49,60
83467,2572,1685,887
83468,74,59,15
83469,12,12,0
83501,13449,8756,4693
83520,37,27,10
83522,639,471,168
83523,362,255,107
83524,320,242,78
83525,172,89,83
83526,86,62,24
83530,2091,1454,637
83533,66,57,9
83535,428,318,110
83536,1516,1080,436
83537,471,339,132
83539,1206,855,351
83540,744,574,170
83541,460,330,130
83542,91,62,29
83543,267,190,77
83544,2326,1619,707
83545,220,163,57
83546,296,240,56
83547,123,97,26
83548,43,30,13
83549,361,220,141
83552,117,80,37
83553,447,338,109
83554,201,156,45
83555,171,133,38
83601,45,28,17
83602,19,7,12
83604,316,242,74
83605,9076,6421,2655
83607,5490,4568,922
83610,406,278,128
83611,898,663,235
83612,696,505,191
83615,269,198,71
83616,5162,4251,911
83617,5199,3928,1271
83619,2145,1625,520
83620,94,71,23
83622,717,522,195
83623,707,522,185
83624,419,285,134
83626,372,309,63
83627,188,145,43
83628,1450,1068,382
83629,606,447,159
83631,486,337,149
83632,96,62,34
83633,150,116,34
83634,3258,2741,517
83637,84,51,33
83638,2018,1422,596
83639,899,700,199
83641,926,696,230
83642,15595,12690,2905
83643,48,41,7
83644,2171,1697,474
83645,251,189,62
83647,6395,4500,1895
83648,1467,1427,40
83650,200,150,50
83651,7700,5336,2364
83654,511,377,134
83655,1338,1029,309
83656,101,76,25
83657,56,42,14
83660,1807,1438,369
83661,3558,2612,946
83666,25,19,6
83669,1029,803,226
83670,113,77,36
83671,8,8,0
83672,3098,2269,829
83676,1237,1017,220
83677,37,16,21
83686,10470,8304,2166
83687,6302,4885,1417
83702,10400,5018,5382
83703,10196,6914,3282
83704,14555,9904,4651
83705,11558,6663,4895
83706,12909,7385,5524
83709,11525,9399,2126
83712,3646,2168,1478
83713,7669,6050,1619
83714,3177,2004,1173
83716,3790,2840,950
83788,0,0,0
83801,1786,1384,402
83802,57,32,25
83803,133,71,62
83804,441,318,123
83805,2402,1742,660
83806,130,88,42
83808,51,33,18
83809,188,147,41
83810,468,355,113
83811,507,335,172
83812,32,27,5
83813,402,313,89
83814,9231,5750,3481
83815,8683,6181,2502
83821,106,56,50
83822,749,529,220
83823,484,358,126
83824,89,76,13
83826,69,44,25
83827,70,57,13
83830,221,143,78
83832,588,456,132
83833,599,411,188
83834,85,48,37
83835,5613,4374,1239
83836,444,330,114
83837,1309,827,482
83839,652,477,175
83841,123,113,10
83842,61,48,13
83843,9173,4988,4185
83845,559,438,121
83846,310,193,117
83847,598,402,196
83848,116,71,45
83849,952,639,313
83850,1011,686,325
83851,557,422,135
83852,105,66,39
83853,62,54,8
83854,9999,7522,2477
83855,814,609,205
83856,2351,1693,658
83857,297,221,76
83858,3515,2895,620
83860,2058,1513,545
83861,2550,1828,722
83864,6563,4374,2189
83866,141,74,67
83867,104,84,20
83868,311,155,156
83869,1291,1011,280
83870,161,121,40
83871,685,533,152
83872,234,172,62
83873,1043,656,387
83874,30,15,15
83876,486,368,118
84001,264,224,40
84002,42,34,8
84003,7725,6870,855
84004,1776,1657,119
84006,272,214,58
84007,159,124,35
84010,14221,11500,2721
84013,226,210,16
84014,3975,3423,552
84015,13567,10985,2582
84017,1012,800,212
84018,23,20,3
84020,6530,5683,847
84021,862,626,236
84022,454,354,100
84023,101,63,38
84024,33,28,5
84025,3244,2977,267
84026,334,274,60
84027,121,89,32
84028,164,119,45
84029,2032,1665,367
84031,71,60,11
84032,3528,2903,625
84033,275,241,34
84034,29,12,17
84035,242,183,59
84036,1280,1024,256
84037,6788,5975,813
84038,121,106,15
84039,215,182,33
84040,6385,5825,560
84041,12356,9524,2832
84042,2017,1885,132
84043,6324,5771,553
84044,6625,5561,1064
84046,243,186,57
84047,10848,6992,3856
84049,960,768,192
84050,2036,1778,258
84051,84,72,12
84052,381,318,63
84053,181,158,23
84054,2846,2215,631
84055,163,135,28
84056,1165,1159,6
84057,10062,8331,1731
84058,8106,6315,1791
84060,2701,1735,966
84061,185,157,28
84062,6959,6276,683
84063,167,133,34
84064,253,203,50
84065,8435,7813,622
84066,2724,2242,482
84067,11164,9074,2090
84069,147,125,22
84070,7648,5756,1892
84071,167,114,53
84072,127,110,17
84073,85,65,20
84074,9314,7576,1738
84075,2777,2548,229
84076,95,87,8
84078,6425,5111,1314
84080,95,75,20
84082,225,208,17
84083,437,315,122
84084,12163,10582,1581
84085,139,103,36
84086,113,92,21
84087,2786,2487,299
84088,10625,9278,1347
84092,8057,7399,658
84093,7207,6449,758
84094,8260,7060,1200
84095,7608,6955,653
84097,5353,4713,640
84098,4720,3482,1238
84101,1249,486,763
84102,8532,3306,5226
84103,10401,4788,5613
84104,6573,4890,1683
84105,9631,5313,4318
84106,13608,8431,5177
84107,12623,7898,4725
84108,8020,5960,2060
84109,8602,6084,2518
84111,5131,1786,3345
84112,165,52,113
84113,0,0,0
84115,9892,5387,4505
84116,9676,7033,2643
84117,9573,6262,3311
84118,17879,15558,2321
84119,15491,10885,4606
84120,12494,10801,1693
84121,15014,11544,3470
84123,13372,9176,4196
84124,7628,5632,1996
84128,5458,4850,608
84180,0,0,0
84301,147,127,20
84302,6673,5423,1250
84304,10,10,0
84305,213,179,34
84306,51,51,0
84307,394,341,53
84309,175,136,39
84310,981,839,142
84311,206,187,19
84312,1026,863,163
84313,52,34,18
84314,345,311,34
84315,1716,1538,178
84316,62,50,12
84317,623,527,96
84318,710,635,75
84319,1807,1609,198
84320,685,584,101
84321,12261,8111,4150
84324,223,194,29
84325,361,318,43
84326,291,263,28
84327,238,209,29
84328,328,271,57
84329,75,61,14
84330,124,102,22
84331,85,61,24
84332,1287,1127,160
84333,624,525,99
84334,52,39,13
84335,2357,2037,320
84336,121,98,23
84337,2650,2248,402
84338,152,116,36
84339,1252,1133,119
84340,750,605,145
84341,5021,4077,944
84401,9470,6187,3283
84403,12248,8857,3391
84404,15719,11724,3995
84405,8675,6668,2007
84414,6117,5386,731
84501,4453,3287,1166
84510,231,208,23
84511,1243,1018,225
84512,347,270,77
84513,546,471,75
84516,104,95,9
84518,191,169,22
84520,561,376,185
84521,271,234,37
84522,139,107,32
84523,546,434,112
84525,411,287,124
84526,1552,1096,456
84528,899,702,197
84529,73,36,37
84530,62,40,22
84531,186,162,24
84532,3474,2211,1263
84533,48,11,37
84534,473,389,84
84535,842,660,182
84536,332,286,46
84537,434,339,95
84539,166,117,49
84540,37,16,21
84542,633,512,121
84601,8526,6592,1934
84604,12195,8506,3689
84606,8439,4998,3441
84620,300,263,37
84621,51,47,4
84622,379,312,67
84623,42,33,9
84624,1729,1415,314
84626,49,49,0
84627,1182,823,359
84628,293,214,79
84629,658,541,117
84630,63,47,16
84631,1113,865,248
84632,313,250,63
84633,277,225,52
84634,551,430,121
84635,283,231,52
84636,158,124,34
84637,34,34,0
84638,66,54,12
84639,249,204,45
84640,45,40,5
84642,1078,857,221
84643,197,155,42
84645,317,286,31
84646,481,391,90
84647,1060,798,262
84648,1517,1224,293
84649,202,175,27
84650,32,26,6
84651,5017,4319,698
84652,237,221,16
84653,1392,1264,128
84654,933,725,208
84655,1658,1489,169
84656,119,90,29
84657,152,126,26
84660,6253,5447,806
84662,413,338,75
84663,6275,5353,922
84664,1512,1389,123
84667,95,82,13
84701,2399,1944,455
84710,49,41,8
84711,152,137,15
84712,47,41,6
84713,1197,937,260
84714,275,252,23
84715,134,108,26
84716,133,79,54
84717,26,20,6
84718,55,42,13
84719,42,34,8
84720,9110,6948,2162
84722,213,176,37
84723,180,134,46
84724,258,200,58
84725,431,372,59
84726,367,276,91
84728,56,47,9
84729,135,97,38
84730,158,135,23
84731,51,42,9
84732,23,18,5
84733,86,74,12
84734,83,55,28
84735,53,46,7
84736,75,51,24
84737,3810,3055,755
84738,1454,1255,199
84739,151,131,20
84740,33,28,5
84741,1809,1297,512
84743,76,60,16
84744,103,86,17
84745,1049,834,215
84747,293,236,57
84749,82,69,13
84750,180,137,43
84751,499,378,121
84752,260,215,45
84753,26,18,8
84754,1206,949,257
84755,44,38,6
84757,304,265,39
84758,174,138,36
84759,656,507,149
84760,215,182,33
84761,958,733,225
84762,25,25,0
84764,20,17,3
84765,1185,1093,92
84766,55,43,12
84770,10833,7917,2916
84772,50,30,20
84773,119,87,32
84774,98,78,20
84775,193,124,69
84776,156,135,21
84779,243,170,73
84780,2783,2279,504
84781,17,17,0
84782,227,175,52
84783,204,178,26
84790,7033,5701,1332
85003,3177,1440,1737
85004,2042,750,1292
85006,8969,6183,2786
85007,4951,3004,1947
85008,18123,11259,6864
85009,12827,9965,2862
85012,2758,1336,1422
85013,9677,4575,5102
85014,12959,6066,6893
85015,15635,9577,6058
85016,16714,8069,8645
85017,12980,8819,4161
85018,17778,9414,8364
85019,7759,5911,1848
85020,15327,8175,7152
85021,15027,8750,6277
85022,19026,11518,7508
85023,13347,8790,4557
85024,7713,5436,2277
85027,15087,9905,5182
85028,8145,5927,2218
85029,17654,11359,6295
85031,7827,6181,1646
85032,26469,16852,9617
85033,14839,12376,2463
85034,2390,1698,692
85035,12005,9691,2314
85037,9905,8181,1724
85040,17694,13160,4534
85041,8346,6971,1375
85043,3088,2401,687
85044,16875,10297,6578
85045,1526,1265,261
85048,11700,9188,2512
85050,7186,5279,1907
85051,15439,10144,5295
85053,10482,7243,3239
85054,850,735,115
85085,233,147,86
85086,2556,2095,461
85087,1447,1045,402
85201,19045,11275,7770
85202,16970,9823,7147
85203,12742,9078,3664
85204,20990,15033,5957
85205,16905,11284,5621
85206,12810,8534,4276
85207,9315,7179,2136
85208,17339,12643,4696
85210,13435,8636,4799
85212,3509,2920,589
85213,10939,8281,2658
85215,6773,4961,1812
85219,10543,7654,2889
85220,13592,9107,4485
85221,529,471,58
85222,13237,9853,3384
85223,1728,1333,395
85224,15711,10972,4739
85225,22010,16337,5673
85226,14419,10347,4072
85228,3586,2768,818
85230,33,33,0
85231,2864,2269,595
85232,2997,2113,884
85233,12986,10228,2758
85234,11834,9634,2200
85235,454,318,136
85236,2505,2244,261
85237,1046,800,246
85239,2450,1881,569
85241,139,113,26
85242,4060,3390,670
85245,92,71,21
85247,1084,910,174
85248,14578,11227,3351
85249,3613,2719,894
85250,8240,4432,3808
85251,18670,8345,10325
85253,6955,5188,1767
85254,18584,13721,4863
85255,8802,6855,1947
85256,1225,961,264
85257,12377,6728,5649
85258,12122,7418,4704
85259,10182,7751,2431
85260,15126,9424,5702
85262,4227,3420,807
85263,771,678,93
85264,240,198,42
85268,8640,6466,2174
85272,401,312,89
85273,1273,874,399
85281,20302,8044,12258
85282,21426,11651,9775
85283,16970,10285,6685
85284,5934,4933,1001
85292,776,584,192
85296,10048,8714,1334
85301,21629,14239,7390
85302,14077,9131,4946
85303,6828,5517,1311
85304,9083,7504,1579
85305,1643,1376,267
85306,9405,6618,2787
85307,3434,2821,613
85308,23229,17970,5259
85309,0,0,0
85310,7338,6251,1087
85320,347,243,104
85321,2041,1387,654
85322,168,114,54
85323,9931,8172,1759
85324,1291,796,495
85325,539,337,202
85326,5774,4615,1159
85328,84,39,45
85329,685,578,107
85331,9116,7175,1941
85332,929,664,265
85333,229,175,54
85334,381,256,125
85335,2063,1702,361
85336,345,329,16
85337,870,633,237
85338,5822,4719,1103
85339,1829,1448,381
85340,2513,1999,514
85342,676,466,210
85344,4025,2778,1247
85345,18770,13545,5225
85346,2068,1372,696
85347,420,308,112
85348,832,527,305
85349,2920,2820,100
85350,3185,2904,281
85351,17651,9374,8277
85353,2096,1685,411
85354,956,745,211
85355,1071,958,113
85356,1432,1118,314
85357,259,200,59
85360,136,88,48
85361,1266,1010,256
85362,556,308,248
85363,1661,760,901
85364,23844,17825,6019
85365,12838,9897,2941
85367,8680,6596,2084
85373,6802,4203,2599
85374,11552,8985,2567
85375,15342,10709,4633
85379,404,339,65
85381,7558,5860,1698
85382,14585,11103,3482
85390,3558,2305,1253
85501,5205,3609,1596
85530,439,368,71
85531,119,106,13
85533,631,497,134
85534,1303,942,361
85535,42,42,0
85536,116,90,26
85539,2065,1469,596
85540,1347,968,379
85541,8487,5911,2576
85542,323,283,40
85543,1077,849,228
85544,1391,974,417
85545,324,193,131
85546,5836,4210,1626
85550,1445,1245,200
85552,1791,1382,409
85553,448,290,158
85554,285,200,85
85601,410,229,181
85602,3665,2575,1090
85603,3648,2079,1569
85605,295,194,101
85606,617,401,216
85607,6107,4703,1404
85608,23,21,2
85609,196,134,62
85610,499,370,129
85611,211,139,72
85613,1811,1713,98
85614,10331,6599,3732
85615,2525,1907,618
85616,1960,1340,620
85617,568,380,188
85618,631,521,110
85619,23,23,0
85621,6658,5550,1108
85623,1652,1159,493
85624,607,364,243
85625,1055,715,340
85627,80,70,10
85629,2865,2174,691
85630,897,614,283
85631,1468,1212,256
85632,293,196,97
85633,43,23,20
85634,1614,1227,387
85635,12160,7917,4243
85637,599,442,157
85638,900,560,340
85639,113,82,31
85640,230,158,72
85641,2396,1854,542
85643,2916,2152,764
85645,899,688,211
85646,456,310,146
85648,3047,2654,393
85650,4012,3249,763
85653,3759,2961,798
85654,73,49,24
85701,2323,746,1577
85704,12297,7088,5209
85705,24136,12542,11594
85706,20173,15820,4353
85708,1548,1479,69
85710,24709,14287,10422
85711,17902,10596,7306
85712,16141,7236,8905
85713,15911,11221,4690
85714,4365,3349,1016
85715,6873,4533,2340
85716,16420,7515,8905
85718,12102,7401,4701
85719,18278,6801,11477
85730,14666,10694,3972
85735,2931,2208,723
85736,1574,1170,404
85737,12376,9485,2891
85739,5181,4104,1077
85741,11869,8467,3402
85742,7827,6240,1587
85743,6773,5249,1524
85745,12014,8070,3944
85746,14008,11064,2944
85747,4313,3670,643
85748,6059,4548,1511
85749,6847,5586,1261
85750,10810,7249,3561
85901,4354,3275,1079
85911,366,282,84
85920,109,70,39
85922,6,3,3
85923,203,175,28
85924,896,599,297
85925,741,589,152
85926,21,21,0
85927,81,54,27
85928,347,263,84
85929,2167,1620,547
85930,107,75,32
85931,132,97,35
85932,133,108,25
85933,1262,868,394
85934,136,110,26
85935,2139,1589,550
85936,1148,930,218
85937,1929,1523,406
85938,1529,1140,389
85939,1043,843,200
85940,211,163,48
85941,2485,2089,396
85942,65,31,34
86001,12781,7025,5756
86004,12316,8973,3343
86015,105,66,39
86016,29,25,4
86017,621,406,215
86018,409,307,102
86020,575,445,130
86021,559,524,35
86022,596,465,131
86023,961,527,434
86024,287,220,67
86025,2299,1728,571
86030,172,126,46
86031,651,526,125
86032,34,31,3
86033,2189,1783,406
86034,568,398,170
86035,425,339,86
86036,88,53,35
86039,641,438,203
86040,3214,2491,723
86042,406,318,88
86043,397,329,68
86044,1356,1065,291
86045,2568,2098,470
86046,1957,1384,573
86047,4001,3028,973
86052,21,13,8
86053,503,474,29
86054,414,320,94
86301,8294,5093,3201
86303,7601,4507,3094
86305,4984,3392,1592
86314,10104,7504,2600
86320,321,233,88
86321,746,567,179
86322,3953,2764,1189
86323,4830,3535,1295
86324,1451,997,454
86325,1454,1030,424
86326,8308,5651,2657
86327,2973,2167,806
86331,142,68,74
86332,422,277,145
86333,2068,1383,685
86334,873,740,133
86335,1334,849,485
86336,5525,3216,2309
86337,439,282,157
86338,144,103,41
86343,72,39,33
86351,2736,1598,1138
86401,15502,10753,4749
86403,5706,3680,2026
86404,5671,4122,1549
86406,7791,5829,1962
86413,3189,2218,971
86426,3435,2599,836
86429,2054,1383,671
86430,32,20,12
86431,191,89,102
86432,435,315,120
86433,49,24,25
86434,449,368,81
86435,117,89,28
86436,918,572,346
86437,17,13,4
86438,141,94,47
86440,2607,1838,769
86441,1122,657,465
86442,11952,7939,4013
86444,425,291,134
86502,380,306,74
86503,2889,2296,593
86504,1480,1150,330
86505,2612,1979,633
86506,428,298,130
86507,566,435,131
86508,306,185,121
86510,1409,1181,228
86511,870,688,182
86512,646,474,172
86514,1033,780,253
86515,1184,978,206
86520,665,490,175
86535,316,254,62
86538,723,509,214
86540,195,125,70
86544,402,297,105
86545,513,418,95
86547,220,197,23
86549,233,165,68
86556,477,367,110
87001,815,707,108
87002,7740,5593,2147
87004,2730,2009,721
87005,266,230,36
87006,218,162,56
87007,227,213,14
87008,1250,901,349
87010,401,179,222
87011,7,3,4
87012,140,109,31
87013,1632,1242,390
87014,494,426,68
87015,3709,3027,682
87016,1374,1079,295
87017,185,143,42
87018,374,274,100
87020,4982,3618,1364
87022,278,198,80
87023,293,172,121
87024,580,476,104
87025,599,454,145
87026,1014,805,209
87027,57,50,7
87028,73,45,28
87029,108,85,23
87031,11703,9238,2465
87032,119,87,32
87034,668,560,108
87035,2651,1923,728
87036,750,490,260
87037,290,219,71
87038,99,84,15
87040,171,121,50
87041,219,178,41
87042,975,806,169
87043,1628,1198,430
87044,149,116,33
87045,556,475,81
87047,1252,989,263
87048,2982,2279,703
87049,75,67,8
87052,567,517,50
87053,244,190,54
87056,313,266,47
87059,3872,2938,934
87060,25,18,7
87061,137,77,60
87062,676,515,161
87063,62,42,20
87064,46,28,18
87068,1635,1285,350
87070,50,50,0
87072,168,151,17
87083,214,127,87
87102,8654,4196,4458
87104,4760,2880,1880
87105,17860,13606,4254
87106,11289,4988,6301
87107,12467,7886,4581
87108,16533,8242,8291
87109,17975,10665,7310
87110,17276,9814,7462
87111,23904,15124,8780
87112,18245,11815,6430
87113,2785,1996,789
87114,12193,8499,3694
87116,1305,1090,215
87118,298,265,33
87120,16161,11924,4237
87121,11940,9648,2292
87122,4678,3790,888
87123,15260,9900,5360
87124,19300,14430,4870
87301,7486,5401,2085
87305,1337,1074,263
87310,231,192,39
87311,978,793,185
87312,216,176,40
87313,1766,1404,362
87315,119,79,40
87316,393,327,66
87317,513,431,82
87319,489,364,125
87320,189,167,22
87321,859,631,228
87322,125,99,26
87323,1225,875,350
87325,724,520,204
87326,414,317,97
87327,1853,1634,219
87328,802,647,155
87347,124,115,9
87357,0,0,0
87364,834,662,172
87375,1216,989,227
87401,14031,10307,3724
87402,3116,2489,627
87410,5502,4136,1366
87412,281,186,95
87413,4370,3579,791
87415,573,453,120
87416,1303,1123,180
87417,1882,1623,259
87418,376,280,96
87419,267,156,111
87420,2864,2424,440
87421,377,319,58
87455,474,377,97
87461,646,441,205
87501,18437,10341,8096
87505,26938,17368,9570
87510,456,302,154
87511,737,554,183
87512,71,63,8
87513,283,186,97
87514,529,310,219
87515,109,90,19
87516,40,28,12
87517,109,54,55
87518,44,30,14
87519,193,128,65
87520,700,465,235
87521,319,208,111
87522,1459,1060,399
87524,119,64,55
87525,159,84,75
87527,511,312,199
87528,869,664,205
87529,1279,751,528
87530,371,283,88
87531,204,132,72
87532,6480,4682,1798
87533,8,3,5
87535,618,449,169
87537,796,593,203
87539,136,76,60
87540,280,178,102
87543,93,65,28
87544,7500,5399,2101
87548,277,201,76
87549,423,311,112
87551,183,126,57
87552,1172,836,336
87553,573,415,158
87556,1033,678,355
87557,2429,1522,907
87558,294,194,100
87560,413,330,83
87562,169,137,32
87564,182,112,70
87565,409,258,151
87566,1068,809,259
87567,844,576,268
87569,140,90,50
87571,4425,2634,1791
87573,7,0,7
87575,247,176,71
87577,144,73,71
87578,517,382,135
87579,223,164,59
87580,109,57,52
87581,44,25,19
87582,696,491,205
87583,74,61,13
87701,7668,5028,2640
87710,635,458,177
87711,290,235,55
87712,176,138,38
87713,67,35,32
87714,511,350,161
87715,196,118,78
87718,246,160,86
87722,174,114,60
87723,205,166,39
87724,63,47,16
87728,179,138,41
87729,52,41,11
87730,14,10,4
87731,32,20,12
87732,582,406,176
87733,125,84,41
87734,91,54,37
87735,36,23,13
87736,79,69,10
87740,3479,2360,1119
87742,252,198,54
87743,212,120,92
87745,353,262,91
87747,697,497,200
87750,8,4,4
87752,225,135,90
87753,83,71,12
87801,3915,2537,1378
87820,62,38,24
87821,221,154,67
87823,473,333,140
87824,80,59,21
87825,859,652,207
87827,54,29,25
87828,146,111,35
87829,422,291,131
87830,471,308,163
87831,101,62,39
87832,301,198,103
87901,3654,1990,1664
87930,190,148,42
87931,305,204,101
87933,49,30,19
87935,931,633,298
87936,149,130,19
87937,1089,840,249
87939,75,67,8
87940,157,133,24
87941,275,221,54
87942,630,406,224
87943,78,50,28
88001,13577,8457,5120
88002,482,393,89
88003,3,0,3
88004,0,0,0
88005,17030,11995,5035
88008,1766,1437,329
88009,82,64,18
88011,7305,4601,2704
88012,5108,3965,1143
88020,374,291,83
88021,7417,6311,1106
88022,28,28,0
88023,988,730,258
88024,236,196,40
88025,175,142,33
88026,652,475,177
88027,56,46,10
88029,628,459,169
88030,8759,6152,2607
88033,23,13,10
88036,103,54,49
88038,77,54,23
88039,277,174,103
88040,29,9,20
88041,684,491,193
88042,179,65,114
88043,743,536,207
88044,1091,905,186
88045,1412,991,421
88047,477,427,50
88048,1404,1234,170
88049,235,160,75
88051,35,19,16
88052,94,42,52
88053,135,96,39
88055,34,28,6
88056,121,62,59
88061,8058,5597,2461
88063,2544,2276,268
88065,155,116,39
88072,244,244,0
88101,15668,11135,4533
88112,64,40,24
88113,25,19,6
88114,27,21,6
88115,31,30,1
88116,234,164,70
88118,86,75,11
88119,880,595,285
88120,139,96,43
88121,71,44,27
88124,496,350,146
88125,29,21,8
88126,12,12,0
88130,6137,4171,1966
88132,93,76,17
88134,23,18,5
88135,559,422,137
88136,25,9,16
88201,19949,14059,5890
88210,5816,4252,1564
88213,5,3,2
88220,12657,9140,3517
88230,1627,1402,225
88231,1079,830,249
88232,867,685,182
88240,11071,8082,2989
88242,1782,1482,300
88250,128,87,41
88252,804,607,197
88253,70,70,0
88254,53,41,12
88255,38,26,12
88256,625,500,125
88260,4377,3357,1020
88262,35,22,13
88263,41,22,19
88264,0,0,0
88265,107,81,26
88267,433,311,122
88268,18,16,2
88301,632,401,231
88310,15740,11442,4298
88312,535,418,117
88314,80,70,10
88316,909,643,266
88317,864,620,244
88318,151,113,38
88321,143,90,53
88323,7,7,0
88324,48,31,17
88325,433,320,113
88330,412,394,18
88336,83,61,22
88337,949,722,227
88338,39,21,18
88339,151,105,46
88340,835,691,144
88341,227,182,45
88343,24,21,3
88344,80,80,0
88345,4235,2821,1414
88346,1024,713,311
88347,57,34,23
88348,229,182,47
88350,109,69,40
88351,63,36,27
88352,1918,1305,613
88353,244,173,71
88354,65,61,4
88401,3232,2202,1030
88410,76,52,24
88411,31,16,15
88414,44,32,12
88415,1260,831,429
88416,186,130,56
88417,9,9,0
88418,161,126,35
88419,58,30,28
88421,25,0,25
88422,4,4,0
88424,21,13,8
88426,517,360,157
88427,56,41,15
88430,43,27,16
88431,22,15,7
88434,170,113,57
88435,1135,794,341
88436,85,67,18
88437,19,19,0
89001,393,290,103
89003,439,270,169
89004,152,69,83
89005,6429,4305,2124
89007,298,247,51
89008,501,319,182
89010,154,89,65
89011,98,98,0
89012,6995,4892,2103
89013,198,117,81
89014,31136,21484,9652
89015,22940,17214,5726
89017,15,7,8
89018,452,332,120
89019,1098,560,538
89020,476,247,229
89021,648,530,118
89022,725,532,193
89024,143,99,44
89025,421,351,70
89027,3547,2628,919
89028,11,3,8
89029,3096,2032,1064
89030,14017,11040,2977
89031,11399,9165,2234
89032,8715,7055,1660
89039,217,115,102
89040,1684,1220,464
89042,326,207,119
89043,315,199,116
89046,547,238,309
89047,76,37,39
89048,10230,7180,3050
89049,1216,728,488
89052,5912,4183,1729
89101,16968,9132,7836
89102,14794,8532,6262
89103,20312,11160,9152
89104,15052,9001,6051
89106,8631,5587,3044
89107,13282,8658,4624
89108,23913,16346,7567
89109,19013,8181,10832
89110,19454,15081,4373
89113,3465,2255,1210
89115,16695,12272,4423
89117,21437,13822,7615
89118,7153,4013,3140
89119,21018,10390,10628
89120,8438,5523,2915
89121,25506,15517,9989
89122,10313,6494,3819
89123,17694,12413,5281
89124,612,394,218
89128,16153,10670,5483
89129,11466,8703,2763
89130,9114,6978,2136
89131,3487,2852,635
89134,11571,8535,3036
89135,1447,1064,383
89139,704,559,145
89141,97,97,0
89142,7189,5723,1466
89143,809,642,167
89144,4672,3422,1250
89145,7167,5199,1968
89146,7134,4699,2435
89147,14983,10450,4533
89148,324,261,63
89149,4168,3347,821
89156,7698,5783,1915
89191,774,721,53
89301,2499,1603,896
89310,213,120,93
89311,83,55,28
89314,65,34,31
89316,424,296,128
89317,114,105,9
89318,583,383,200
89403,3125,2372,753
89404,29,17,12
89405,117,108,9
89406,8924,6550,2374
89408,3199,2440,759
89409,171,101,70
89410,7742,5822,1920
89411,196,141,55
89413,197,147,50
89414,162,125,37
89415,1780,1157,623
89418,181,131,50
89419,1414,965,449
89420,25,8,17
89421,172,121,51
89422,108,49,59
89423,3171,2527,644
89424,166,114,52
89425,138,110,28
89426,143,101,42
89427,288,181,107
89428,88,60,28
89429,2555,1828,727
89430,135,101,34
89431,13808,8734,5074
89433,6544,4948,1596
89434,8103,5652,2451
89436,7262,6119,1143
89439,550,318,232
89440,491,265,226
89442,388,273,115
89444,1081,820,261
89445,5453,3989,1464
89447,3163,2133,1030
89448,1159,707,452
89449,1686,948,738
89451,4024,2676,1348
89501,1523,483,1040
89502,18483,10466,8017
89503,12943,6400,6543
89506,11314,8600,2714
89509,18809,10953,7856
89510,520,374,146
89511,11287,8106,3181
89512,8714,4954,3760
89523,6579,4434,2145
89701,9305,6410,2895
89703,4120,2648,1472
89704,1628,1246,382
89705,1612,1237,375
89706,7423,4841,2582
89801,7519,5280,2239
89803,58,34,24
89815,3824,3244,580
89820,1903,1449,454
89821,226,133,93
89822,814,605,209
89823,64,41,23
89824,9,9,0
89825,480,268,212
89826,19,19,0
89828,97,79,18
89830,131,62,69
89831,30,30,0
89832,334,206,128
89833,70,42,28
89834,85,37,48
89835,682,487,195
89883,1416,1101,315
90001,12513,10784,1729
90002,10821,8817,2004
90003,14552,11740,2812
90004,23142,15117,8025
90005,15337,9517,5820
90006,18512,13596,4916
90007,12607,7004,5603
90008,13510,7812,5698
90010,902,424,478
90011,21813,18625,3188
90012,7955,3948,4007
90013,3552,499,3053
90014,2588,385,2203
90015,4976,3004,1972
90016,16340,10936,5404
90017,6453,4108,2345
90018,15232,10286,4946
90019,24286,15424,8862
90020,16993,10011,6982
90021,1251,223,1028
90022,17077,14326,2751
90023,10826,9431,1395
90024,16763,5840,10923
90025,21243,8002,13241
90026,24500,15207,9293
90027,22251,10311,11940
90028,14975,5362,9613
90029,13460,9094,4366
90031,10266,8347,1919
90032,12624,10350,2274
90033,12377,9816,2561
90034,25769,12274,13495
90035,12909,6262,6647
90036,17204,6060,11144
90037,15071,11529,3542
90038,12106,6752,5354
90039,11285,6214,5071
90040,2686,2199,487
90041,9371,6424,2947
90042,19629,14313,5316
90043,15754,10985,4769
90044,24570,18742,5828
90045,15546,9446,6100
90046,28791,8979,19812
90047,15619,11525,4094
90048,11887,3999,7888
90049,16581,7837,8744
90056,3433,2265,1168
90057,14874,9228,5646
90058,950,680,270
90059,9277,7686,1591
90061,6291,5121,1170
90062,8789,6363,2426
90063,12993,10984,2009
90064,10834,5875,4959
90065,14313,10428,3885
90066,23321,13016,10305
90067,1553,744,809
90068,12301,3887,8414
90069,13559,2764,10795
90071,0,0,0
90077,4165,2910,1255
90201,23937,21289,2648
90210,8690,5773,2917
90211,3755,2066,1689
90212,5697,2616,3081
90220,12408,10047,2361
90221,11147,9739,1408
90222,7126,5883,1243
90230,12944,7661,5283
90232,6435,3696,2739
90240,7895,6315,1580
90241,13457,9802,3655
90242,12693,10034,2659
90245,7053,3936,3117
90247,16082,11199,4883
90248,3445,2530,915
90249,8782,6463,2319
90250,31546,22168,9378
90254,9489,3666,5823
90255,18572,16038,2534
90260,10040,7569,2471
90261,0,0,0
90262,14452,13058,1394
90263,0,0,0
90265,7329,4697,2632
90266,14443,8449,5994
90270,6482,5803,679
90272,9272,6453,2819
90274,9307,7617,1690
90275,15412,12305,3107
90277,17062,8023,9039
90278,15446,9438,6008
90280,23121,20223,2898
90290,2217,1319,898
90291,15518,5602,9916
90292,10830,3702,7128
90293,6171,2368,3803
90301,12013,8244,3769
90302,11094,7377,3717
90303,7564,6128,1436
90304,6431,5499,932
90305,5607,3692,1915
90401,3117,647,2470
90402,4931,2984,1947
90403,13905,4716,9189
90404,9193,3809,5384
90405,14305,5326,8979
90501,13833,9647,4186
90502,5572,3929,1643
90503,16771,10974,5797
90504,11672,8469,3203
90505,13802,9432,4370
90601,11266,8069,3197
90602,8155,5883,2272
90603,6732,5242,1490
90604,11778,9419,2359
90605,10161,8558,1603
90606,8434,6946,1488
90620,13229,10879,2350
90621,10023,7799,2224
90623,4979,4262,717
90630,16090,12700,3390
90631,21654,16271,5383
90638,14796,11808,2988
90640,18979,14953,4026
90650,26917,22603,4314
90660,16443,14006,2437
90670,4552,3549,1003
90680,8470,6100,2370
90701,4468,3619,849
90703,15355,13608,1747
90704,1271,785,486
90706,23394,17270,6124
90710,8379,6070,2309
90712,10658,8070,2588
90713,9635,7460,2175
90715,6161,5045,1116
90716,3633,3011,622
90717,8376,5308,3068
90720,7655,5870,1785
90723,13964,11356,2608
90731,21404,13567,7837
90732,8737,5835,2902
90740,13050,5991,7059
90742,595,234,361
90743,56,44,12
90744,14017,11461,2556
90745,14694,12163,2531
90746,7586,6166,1420
90802,18873,6999,11874
90803,17628,6706,10922
90804,15369,8914,6455
90805,26284,20347,5937
90806,14641,10715,3926
90807,12762,7676,5086
90808,14098,10170,3928
90810,9144,7586,1558
90813,16455,12595,3860
90814,9441,3982,5459
90815,15127,9540,5587
90822,0,0,0
91001,12410,9129,3281
91006,10457,8149,2308
91007,11330,8019,3311
91010,8159,6107,2052
91011,6936,5847,1089
91016,14661,10102,4559
91020,3097,1685,1412
91024,4745,2714,2031
91030,10342,5921,4421
91040,7068,4689,2379
91042,9723,6611,3112
91101,8679,3018,5661
91103,8113,5794,2319
91104,12780,8917,3863
91105,4667,2702,1965
91106,10544,5072,5472
91107,12643,8164,4479
91108,4392,3789,603
91201,8237,6101,2136
91202,8763,5869,2894
91203,5390,3553,1837
91204,5495,3944,1551
91205,14057,9826,4231
91206,12829,8210,4619
91207,3979,2800,1179
91208,6586,4672,1914
91214,10347,8136,2211
91301,8358,6827,1531
91302,8561,6524,2037
91303,7406,4885,2521
91304,16741,12072,4669
91306,13711,10407,3304
91307,8063,6572,1491
91311,13159,9221,3938
91316,12792,7241,5551
91320,12989,10245,2744
91321,10272,6930,3342
91324,8801,6230,2571
91325,11339,7186,4153
91326,9719,8065,1654
91331,21403,18803,2600
91335,21887,15630,6257
91340,7799,6678,1121
91342,21427,17166,4261
91343,16338,13091,3247
91344,16258,12738,3520
91345,5095,3872,1223
91350,12762,10587,2175
91351,19728,15015,4713
91352,11839,9753,2086
91354,5765,4821,944
91355,9589,6626,2963
91356,11003,7148,3855
91360,14491,10805,3686
91361,7734,5565,2169
91362,12188,9252,2936
91364,10354,7086,3268
91367,15768,9530,6238
91377,5198,4020,1178
91381,3542,2750,792
91384,4644,3782,862
91401,14549,9652,4897
91402,17571,14207,3364
91403,11122,5271,5851
91405,16364,11414,4950
91406,17166,11646,5520
91411,8646,5266,3380
91423,14817,6874,7943
91436,5184,3942,1242
91501,7478,4671,2807
91502,4823,2620,2203
91504,9601,6643,2958
91505,13135,6873,6262
91506,7678,4392,3286
91601,14656,7641,7015
91602,9134,3391,5743
91604,13745,5934,7811
91605,15203,12176,3027
91606,14841,10081,4760
91607,12909,6389,6520
91608,0,0,0
91701,12627,10272,2355
91702,15212,11833,3379
91706,17280,15396,1884
91709,19975,17003,2972
91710,19039,15682,3357
91711,11438,7968,3470
91719,132,49,83
91722,10287,8096,2191
91723,6239,4409,1830
91724,8266,6402,1864
91730,16842,12333,4509
91731,7558,6217,1341
91732,14489,12480,2009
91733,9856,8776,1080
91737,7452,6159,1293
91739,3945,3310,635
91740,8239,6237,2002
91741,8922,6922,2000
91743,0,0,0
91744,18495,16576,1919
91745,16081,13699,2382
91746,6846,5976,870
91748,13555,11613,1942
91750,12298,9132,3166
91752,5842,4310,1532
91754,11279,8692,2587
91755,8353,6735,1618
91759,18,11,7
91761,14864,12575,2289
91762,15763,12298,3465
91763,9271,7474,1797
91764,13298,10489,2809
91765,14703,12361,2342
91766,17019,14328,2691
91767,13049,9751,3298
91768,8494,6624,1870
91770,16126,13632,2494
91773,11944,8972,2972
91775,8353,6224,2129
91776,11639,8964,2675
91780,11257,8507,2750
91784,8022,6807,1215
91786,17874,12241,5633
91789,12923,11425,1498
91790,12744,10317,2427
91791,9912,7722,2190
91792,8889,7505,1384
91801,19357,13368,5989
91803,9729,7464,2265
91901,5681,4386,1295
91902,5745,4685,1060
91905,520,339,181
91906,1066,785,281
91910,26314,18658,7656
91911,22465,17578,4887
91913,4047,3435,612
91914,911,793,118
91915,2686,2422,264
91916,653,466,187
91917,315,180,135
91931,257,191,66
91932,9173,6498,2675
91934,267,154,113
91935,2886,2435,451
91941,18600,11535,7065
91942,10852,5807,5045
91945,8558,6042,2516
91948,48,29,19
91950,15401,12092,3309
91962,610,465,145
91963,279,221,58
91977,17890,14044,3846
91978,2864,2064,800
91980,34,26,8
92003,1465,1113,352
92004,1278,807,471
92007,4384,2455,1929
92008,14357,8916,5441
92009,17180,12181,4999
92014,6178,3875,2303
92019,14364,11154,3210
92020,19990,13816,6174
92021,22149,15580,6569
92024,18455,11750,6705
92025,14851,10726,4125
92026,16046,11379,4667
92027,15680,11715,3965
92028,14341,11155,3186
92029,6543,4984,1559
92036,1392,988,404
92037,17677,9500,8177
92040,14794,11084,3710
92054,27685,19868,7817
92056,19558,14169,5389
92057,15544,11637,3907
92059,474,348,126
92060,85,59,26
92061,892,728,164
92064,15558,12974,2584
92065,10662,8797,1865
92066,118,81,37
92067,2543,2103,440
92069,17833,12776,5057
92070,494,319,175
92071,18776,14399,4377
92075,5374,3132,2242
92078,2646,1937,709
92082,4677,3810,867
92083,19987,14638,5349
92084,14189,10562,3627
92086,536,360,176
92091,585,430,155
92101,11411,2254,9157
92102,14212,9497,4715
92103,17599,4931,12668
92104,21512,9584,11928
92105,21411,16192,5219
92106,6929,4190,2739
92107,13953,5910,8043
92108,6579,2090,4489
92109,23881,7709,16172
92110,10734,4916,5818
92111,17399,11020,6379
92113,11932,9809,2123
92114,17414,15004,2410
92115,20786,10936,9850
92116,16394,6813,9581
92117,20822,12926,7896
92118,7752,4958,2794
92119,9111,6170,2941
92120,10961,7212,3749
92121,1853,987,866
92122,16632,7837,8795
92123,9292,6223,3069
92124,10605,7579,3026
92126,22722,16952,5770
92127,6937,5257,1680
92128,18808,12415,6393
92129,14898,12533,2365
92130,10557,7503,3054
92131,10445,8229,2216
92139,10462,8961,1501
92154,16681,14430,2251
92173,7341,6445,896
92201,16607,13099,3508
92203,905,658,247
92210,1975,1303,672
92211,9675,6353,3322
92220,9487,6695,2792
92223,6428,4604,1824
92225,5571,4065,1506
92227,7089,5662,1427
92230,797,563,234
92231,7028,6198,830
92233,1089,916,173
92234,14267,9892,4375
92236,4812,4510,302
92239,206,125,81
92240,8136,5341,2795
92241,2449,1466,983
92242,736,462,274
92243,12905,10212,2693
92249,856,797,59
92250,2340,1993,347
92251,3034,2586,448
92252,3415,2018,1397
92253,8461,6593,1868
92254,1770,1569,201
92256,1502,886,616
92257,1278,700,578
92258,202,120,82
92259,266,153,113
92260,13967,7862,6105
92262,10932,5353,5579
92264,9953,4444,5509
92266,152,90,62
92267,47,37,10
92268,122,73,49
92270,6315,3834,2481
92273,420,375,45
92274,4018,3537,481
92275,367,228,139
92276,2542,1711,831
92277,6747,4416,2331
92278,1428,1392,36
92280,11,11,0
92281,703,561,142
92282,353,240,113
92283,1266,861,405
92284,8551,5523,3028
92285,986,607,379
92301,4980,4076,904
92304,4,4,0
92305,78,53,25
92307,11160,8721,2439
92308,9864,7504,2360
92309,205,128,77
92310,2371,2273,98
92311,11166,8023,3143
92313,3898,2918,980
92314,3909,2807,1102
92315,2320,1461,859
92316,6608,5634,974
92317,673,545,128
92318,55,29,26
92320,3071,2107,964
92321,198,148,50
92323,5,2,3
92324,16167,12221,3946
92325,4101,2840,1261
92327,266,148,118
92328,189,103,86
92332,47,35,12
92333,219,148,71
92335,21418,17716,3702
92336,13961,12561,1400
92337,7831,6816,1015
92338,10,6,4
92339,447,274,173
92341,124,99,25
92342,1943,1545,398
92345,21933,17639,4294
92346,15539,11880,3659
92347,693,458,235
92352,3504,2701,803
92354,6937,4290,2647
92356,2093,1332,761
92358,461,270,191
92359,2572,1782,790
92363,2256,1437,819
92364,72,38,34
92365,1132,768,364
92368,283,196,87
92371,3917,3093,824
92372,1505,1177,328
92373,13346,8281,5065
92374,12011,8895,3116
92376,20334,16873,3461
92377,5107,4493,614
92382,1964,1422,542
92384,42,42,0
92386,789,513,276
92389,95,26,69
92392,21131,16123,5008
92394,3765,2989,776
92397,1651,1216,435
92398,492,317,175
92399,15300,10777,4523
92401,707,339,368
92404,17304,12591,4713
92405,7750,5590,2160
92407,14646,10790,3856
92408,3635,2696,939
92410,11877,9358,2519
92411,6127,4966,1161
92501,6267,3962,2305
92503,21129,16564,4565
92504,15333,11001,4332
92505,11573,8880,2693
92506,15046,11337,3709
92507,16619,9771,6848
92508,5054,4337,717
92509,17320,14230,3090
92518,462,307,155
92530,12132,9276,2856
92532,1350,1177,173
92536,839,572,267
92539,1536,1026,510
92543,12357,7238,5119
92544,14352,10354,3998
92545,11682,7314,4368
92548,1664,1091,573
92549,1665,1033,632
92551,5989,5377,612
92553,16381,13979,2402
92555,3705,3189,516
92557,13532,11396,2136
92561,623,396,227
92562,11960,9734,2226
92563,5837,4664,1173
92567,2250,1859,391
92570,10425,8465,1960
92571,6838,5929,909
92582,1483,1128,355
92583,7491,5180,2311
92584,4645,3903,742
92585,3186,2213,973
92586,8931,5287,3644
92587,4641,3717,924
92590,1042,751,291
92591,8225,6747,1478
92592,14467,12517,1950
92595,6307,5048,1259
92596,1278,1083,195
92602,956,804,152
92604,9697,7253,2444
92606,6611,4505,2106
92610,3833,3044,789
92612,13773,7973,5800
92614,8523,5781,2742
92618,2635,1342,1293
92620,8928,6918,2010
92624,2763,1990,773
92625,6319,3493,2826
92626,17830,10872,6958
92627,21963,12626,9337
92629,11732,7348,4384
92630,20178,14960,5218
92646,21505,15316,6189
92647,20225,14265,5960
92648,18352,10198,8154
92649,13972,8558,5414
92651,11981,6236,5745
92653,22470,12181,10289
92655,2672,1924,748
92656,16708,10990,5718
92657,2423,1547,876
92660,12996,7883,5113
92661,2162,1009,1153
92662,1737,771,966
92663,10593,4474,6119
92672,14291,8917,5374
92673,5250,4354,896
92675,11153,8393,2760
92676,747,478,269
92677,23408,16910,6498
92679,9966,8642,1324
92683,26297,20369,5928
92688,15334,11305,4029
92691,15570,12379,3191
92692,16612,12898,3714
92694,134,127,7
92701,12317,10306,2011
92703,12733,11264,1469
92704,19721,16216,3505
92705,14113,11072,3041
92706,9584,7861,1723
92707,13117,10770,2347
92708,18024,14216,3808
92780,18362,12868,5494
92782,7370,4674,2696
92801,17769,13204,4565
92802,12178,9487,2691
92804,24122,18488,5634
92805,16932,13475,3457
92806,10702,8000,2702
92807,12638,10005,2633
92808,6988,5505,1483
92821,12577,8896,3681
92823,471,356,115
92831,13206,7684,5522
92832,7706,5022,2684
92833,14700,11442,3258
92835,8175,5779,2396
92840,14702,11107,3595
92841,9215,7333,1882
92843,10336,8764,1572
92844,6415,5353,1062
92845,5624,4415,1209
92860,5521,4509,1012
92861,1925,1718,207
92865,5988,4569,1419
92866,5977,3671,2306
92867,12448,10002,2446
92868,6622,4290,2332
92869,11821,9605,2216
92870,15645,12312,3333
92879,13422,10499,2923
92880,5000,4219,781
92881,6680,5602,1078
92882,17938,14634,3304
92883,3986,3448,538
92886,13159,10955,2204
92887,6662,5666,996
93001,12796,7515,5281
93003,18228,12087,6141
93004,9810,7466,2344
93010,15158,11257,3901
93012,9701,6959,2742
93013,6184,4226,1958
93015,4332,3467,865
93021,9515,8163,1352
93022,2166,1666,500
93023,8181,5668,2513
93030,21259,17028,4231
93033,16718,14613,2105
93035,9156,6199,2957
93040,379,325,54
93041,8065,5802,2263
93060,9219,7284,1935
93063,16377,13007,3370
93065,20927,16757,4170
93066,898,782,116
93067,259,59,200
93101,12161,5934,6227
93103,7352,4466,2886
93105,11298,6313,4985
93108,4998,3322,1676
93109,4596,2547,2049
93110,6091,3748,2343
93111,5727,4349,1378
93117,15478,8073,7405
93201,288,224,64
93202,850,709,141
93203,3897,3404,493
93204,1928,1657,271
93205,840,568,272
93206,586,470,116
93207,94,59,35
93208,83,60,23
93210,3951,2966,985
93212,3509,2851,658
93215,9001,7845,1156
93216,0,0,0
93218,197,175,22
93219,2158,1888,270
93221,4328,3436,892
93222,647,396,251
93223,2189,1875,314
93224,218,174,44
93225,1691,1258,433
93226,115,83,32
93230,17739,13441,4298
93234,1517,1420,97
93235,1175,1027,148
93238,862,586,276
93239,390,339,51
93240,2519,1534,985
93241,3633,3171,462
93242,840,672,168
93243,460,370,90
93244,117,84,33
93245,9200,7464,1736
93247,4229,3487,742
93249,475,438,37
93250,2278,2058,220
93251,85,67,18
93252,703,555,148
93254,268,192,76
93255,314,174,140
93256,1109,923,186
93257,19511,15263,4248
93260,112,87,25
93261,629,579,50
93262,36,9,27
93263,3938,3331,607
93265,1507,1022,485
93266,419,368,51
93267,1502,1247,255
93268,5289,3862,1427
93270,1508,1272,236
93271,1006,688,318
93272,770,660,110
93274,17081,13736,3345
93276,67,49,18
93277,16497,11932,4565
93280,4395,3779,616
93282,20,20,0
93283,863,571,292
93285,1260,661,599
93286,2527,2118,409
93287,25,22,3
93291,10305,8258,2047
93292,9936,7760,2176
93301,5063,2903,2160
93304,14707,10719,3988
93305,10448,7917,2531
93306,17530,13269,4261
93307,16181,13143,3038
93308,16126,11282,4844
93309,22514,15312,7202
93311,7256,5386,1870
93312,12956,11026,1930
93313,7546,6332,1214
93401,11821,5698,6123
93402,6089,3927,2162
93405,8602,3370,5232
93420,9596,6771,2825
93422,10609,7716,2893
93424,482,272,210
93426,550,383,167
93427,1725,1223,502
93428,2936,1988,948
93429,51,15,36
93430,1425,831,594
93432,479,345,134
93433,5025,3330,1695
93434,1434,1215,219
93435,0,0,0
93436,17034,12398,4636
93437,1704,1620,84
93440,452,345,107
93441,488,367,121
93442,5315,2823,2492
93444,5089,4100,989
93445,2457,1719,738
93446,12911,9425,3486
93447,0,0,0
93449,4228,2347,1881
93450,230,168,62
93451,1007,767,240
93452,184,120,64
93453,1014,693,321
93454,10477,7243,3234
93455,13185,10218,2967
93458,10555,8650,1905
93460,2210,1715,495
93461,357,301,56
93463,3055,2063,992
93465,2882,2275,607
93501,1854,1277,577
93505,3039,2217,822
93510,2523,2047,476
93512,108,75,33
93513,691,495,196
93514,5672,3745,1927
93516,964,669,295
93517,359,226,133
93518,424,316,108
93522,48,18,30
93523,2272,1982,290
93526,355,200,155
93527,939,535,404
93528,69,25,44
93529,264,178,86
93530,39,18,21
93531,484,406,78
93532,948,671,277
93534,12947,8161,4786
93535,18170,14049,4121
93536,15228,11627,3601
93541,218,148,70
93543,3276,2590,686
93544,488,343,145
93545,803,492,311
93546,3224,1867,1357
93549,115,76,39
93550,19952,15913,4039
93551,10694,8870,1824
93552,7008,5923,1085
93553,637,373,264
93554,57,36,21
93555,11779,8242,3537
93560,5178,3737,1441
93561,7841,6006,1835
93562,764,509,255
93563,104,78,26
93591,1903,1532,371
93601,657,518,139
93602,1308,1060,248
93603,83,49,34
93604,293,177,116
93605,84,70,14
93606,156,151,5
93608,345,296,49
93609,1426,1182,244
93610,3999,3076,923
93611,15078,12752,2326
93612,13269,8458,4811
93614,3539,2801,738
93615,1239,1119,120
93616,552,488,64
93618,6555,5521,1034
93620,2807,2284,523
93621,177,103,74
93622,2330,2018,312
93623,15,15,0
93624,369,349,20
93625,1662,1303,359
93626,534,380,154
93627,50,50,0
93628,36,27,9
93630,3948,3233,715
93631,4784,3773,1011
93634,7,4,3
93635,8703,7076,1627
93637,8864,7028,1836
93638,12924,10943,1981
93640,2089,1743,346
93641,174,95,79
93643,1415,1121,294
93644,3636,2544,1092
93645,64,59,5
93646,1875,1674,201
93647,2294,2037,257
93648,2835,2520,315
93650,810,657,153
93651,424,361,63
93652,53,48,5
93653,371,296,75
93654,7425,6091,1334
93656,1630,1403,227
93657,8452,6875,1577
93660,935,868,67
93662,7495,6154,1341
93664,278,199,79
93665,131,103,28
93666,27,23,4
93667,870,702,168
93668,358,282,76
93669,127,84,43
93673,167,147,20
93675,1242,957,285
93701,3642,2761,881
93702,11794,9383,2411
93703,9686,7130,2556
93704,11389,6730,4659
93705,12201,8604,3597
93706,9644,7600,2044
93710,10946,6952,3994
93711,15186,10447,4739
93720,16860,12265,4595
93721,1440,666,774
93722,19673,15385,4288
93725,5573,4633,940
93726,14143,9199,4944
93727,17327,13092,4235
93728,5828,3434,2394
93901,10108,6563,3545
93905,11532,10418,1114
93906,15476,12239,3237
93907,7286,5699,1587
93908,4574,3804,770
93920,452,213,239
93921,1693,859,834
93923,6133,3721,2412
93924,2844,1868,976
93925,283,270,13
93926,2031,1802,229
93927,3098,2635,463
93928,97,78,19
93930,3837,3213,624
93932,185,132,53
93933,7844,5513,2331
93940,13952,7601,6351
93950,7235,3979,3256
93953,2132,1472,660
93954,123,112,11
93955,9991,7539,2452
93960,2933,2639,294
93962,160,135,25
94002,10584,6709,3875
94005,1630,891,739
94010,16705,10504,6201
94014,13063,10148,2915
94015,20276,14662,5614
94019,6107,4364,1743
94020,618,346,272
94021,33,20,13
94022,7007,5376,1631
94024,7874,6376,1498
94025,15607,9416,6191
94027,2258,1859,399
94028,2497,1918,579
94030,7783,5425,2358
94037,857,670,187
94038,1020,717,303
94040,13754,7741,6013
94041,6215,2833,3382
94043,12157,6237,5920
94044,13936,9773,4163
94060,643,482,161
94061,13714,8958,4756
94062,10037,6867,3170
94063,8873,6226,2647
94065,4683,2939,1744
94066,14344,9857,4487
94070,11546,7808,3738
94074,124,93,31
94080,19698,14826,4872
94086,26154,15059,11095
94087,19480,13577,5903
94089,6722,4036,2686
94102,15713,4062,11651
94103,9724,2969,6755
94104,189,83,106
94105,1246,317,929
94107,9110,3080,6030
94108,7792,2655,5137
94109,33531,8680,24851
94110,26125,12716,13409
94111,2284,682,1602
94112,20076,14955,5121
94114,16817,4133,12684
94115,17502,5753,11749
94116,14883,10270,4613
94117,18025,4597,13428
94118,17401,8250,9151
94121,17287,9746,7541
94122,21738,11981,9757
94123,14279,4020,10259
94124,9153,7120,2033
94127,7521,5030,2491
94128,0,0,0
94129,828,404,424
94130,468,183,285
94131,13741,5630,8111
94132,9948,5848,4100
94133,13675,5452,8223
94134,10794,8570,2224
94301,7639,3721,3918
94303,13005,9758,3247
94304,912,410,502
94305,3192,1300,1892
94306,10478,6148,4330
94401,12493,6907,5586
94402,9550,6300,3250
94403,15190,9878,5312
94404,13323,8654,4669
94501,25078,14084,10994
94502,5289,3904,1385
94506,6404,5664,740
94507,5125,4350,775
94508,1002,724,278
94509,29466,23381,6085
94510,10062,7014,3048
94511,1153,627,526
94512,38,38,0
94513,8601,7007,1594
94514,3779,2946,833
94515,2937,1870,1067
94517,5146,4115,1031
94518,10326,7257,3069
94519,6680,4830,1850
94520,12660,7899,4761
94521,14517,10716,3801
94523,13585,8462,5123
94525,1522,871,651
94526,12116,9653,2463
94530,10246,6042,4204
94533,25969,19636,6333
94535,2370,2301,69
94536,23551,17166,6385
94538,19253,13912,5341
94539,14723,12795,1928
94541,20553,13797,6756
94542,3952,2577,1375
94544,22286,16796,5490
94545,8568,6551,2017
94546,16416,10948,5468
94547,7460,5801,1659
94549,9130,6806,2324
94550,27003,20377,6626
94552,4555,3790,765
94553,18582,11989,6593
94555,10763,8766,1997
94556,5828,4409,1419
94558,22964,16314,6650
94559,10395,6371,4024
94560,13024,10447,2577
94561,8518,6977,1541
94563,6673,5358,1315
94564,5999,4540,1459
94565,24580,18643,5937
94566,13529,10148,3381
94567,152,122,30
94568,9216,6457,2759
94569,70,44,26
94571,2200,1458,742
94572,2806,2130,676
94574,3750,2473,1277
94576,94,78,16
94577,16363,10490,5873
94578,13863,8657,5206
94579,6856,5125,1731
94580,9044,6712,2332
94583,16730,11965,4765
94585,12174,10164,2010
94586,294,192,102
94587,18529,15688,2841
94588,10383,7794,2589
94589,12758,10045,2713
94590,14296,8935,5361
94591,17062,12959,4103
94592,50,27,23
94595,9973,4490,5483
94596,19312,10189,9123
94598,10316,7385,2931
94599,1086,582,504
94601,15112,11416,3696
94602,11519,6855,4664
94603,8754,6965,1789
94605,15245,10549,4696
94606,15080,8708,6372
94607,7494,4348,3146
94608,11056,5009,6047
94609,9234,3951,5283
94610,15780,6156,9624
94611,17076,8935,8141
94612,6554,1915,4639
94618,7378,3694,3684
94619,8726,5701,3025
94621,8861,6804,2057
94702,7187,3392,3795
94703,8751,4046,4705
94704,8574,1583,6991
94705,5538,2626,2912
94706,6980,4052,2928
94707,4995,3332,1663
94708,4566,2910,1656
94709,5123,1424,3699
94710,3221,1843,1378
94801,8678,6075,2603
94803,9212,6656,2556
94804,14148,9221,4927
94805,5382,3535,1847
94806,17614,12622,4992
94901,15521,9092,6429
94903,11656,7202,4454
94904,5502,3195,2307
94920,5669,3669,2000
94922,220,118,102
94923,872,631,241
94924,593,322,271
94925,3811,2489,1322
94928,15640,9949,5691
94929,141,104,37
94930,3759,2182,1577
94931,3061,1985,1076
94933,419,241,178
94937,375,176,199
94938,354,202,152
94939,3347,1652,1695
94940,179,95,84
94941,12630,7359,5271
94945,6392,4517,1875
94946,215,158,57
94947,9318,6579,2739
94949,5448,3466,1982
94950,68,40,28
94951,1461,1096,365
94952,12178,8062,4116
94954,12275,9155,3120
94956,921,561,360
94960,6731,4386,2345
94963,160,129,31
94964,114,73,41
94965,6136,2583,3553
94970,347,186,161
94971,127,75,52
94972,23,18,5
94973,548,423,125
95002,509,413,96
95003,10000,6373,3627
95004,1091,936,155
95005,2338,1596,742
95006,4054,2644,1410
95007,398,281,117
95008,18736,11073,7663
95010,4620,2176,2444
95012,2077,1781,296
95014,19586,14705,4881
95017,242,151,91
95018,3052,1923,1129
95019,1190,941,249
95020,14393,11872,2521
95023,13984,11591,2393
95030,5389,3460,1929
95032,9798,6461,3337
95033,3904,2772,1132
95035,17203,14239,2964
95037,13377,10734,2643
95039,250,155,95
95041,25,19,6
95043,310,216,94
95045,1097,804,293
95046,1640,1332,308
95050,14000,7975,6025
95051,20252,13637,6615
95054,4260,2837,1423
95060,16670,8957,7713
95062,14969,7974,6995
95064,547,366,181
95065,3285,2136,1149
95066,5491,3978,1513
95070,10742,8815,1927
95073,3870,2537,1333
95076,21696,17115,4581
95110,4685,3056,1629
95111,14104,11739,2365
95112,16569,9385,7184
95113,384,97,287
95116,12036,9794,2242
95117,11109,7170,3939
95118,11331,8375,2956
95119,3122,2618,504
95120,12430,10867,1563
95121,8956,7804,1152
95122,12105,10726,1379
95123,20403,15214,5189
95124,16228,12138,4090
95125,18765,11530,7235
95126,10896,5849,5047
95127,15419,12861,2558
95128,12540,7613,4927
95129,13982,9932,4050
95130,4827,3488,1339
95131,8146,6295,1851
95132,11605,9759,1846
95133,6992,5916,1076
95134,4071,2329,1742
95135,5834,4478,1356
95136,12832,9261,3571
95138,4865,3956,909
95139,2283,1786,497
95140,9,0,9
95148,10947,9873,1074
95202,3285,1378,1907
95203,5285,3532,1753
95204,11619,7482,4137
95205,9749,7464,2285
95206,12814,10719,2095
95207,18404,12182,6222
95209,9524,7953,1571
95210,11311,9206,2105
95212,2590,1910,680
95215,6615,5124,1491
95219,7858,5021,2837
95220,2255,1776,479
95221,271,142,129
95222,1714,1213,501
95223,2243,1613,630
95224,59,5,54
95225,6,0,6
95226,18,8,10
95227,236,207,29
95228,1024,779,245
95230,177,117,60
95231,908,715,193
95232,7,7,0
95233,125,87,38
95236,1022,849,173
95237,1110,900,210
95240,15614,10917,4697
95242,8600,6165,2435
95245,1131,752,379
95246,736,484,252
95247,1934,1336,598
95249,1566,1026,540
95250,43,33,10
95251,196,134,62
95252,4094,3238,856
95254,114,95,19
95255,950,637,313
95257,193,101,92
95258,1428,1120,308
95301,8602,6836,1766
95303,230,170,60
95305,64,52,12
95306,373,263,110
95307,10275,8117,2158
95310,941,586,355
95311,930,665,265
95312,17,13,4
95313,505,401,104
95315,2718,2324,394
95316,1792,1447,345
95317,199,172,27
95318,264,133,131
95320,3836,3014,822
95321,1671,1159,512
95322,2737,2017,720
95323,356,289,67
95324,2399,1985,414
95325,54,30,24
95326,2205,1785,420
95327,2217,1514,703
95328,514,453,61
95329,706,528,178
95330,2997,2544,453
95333,885,761,124
95334,3026,2617,409
95335,325,220,105
95336,12210,9613,2597
95337,6579,4998,1581
95338,4210,2821,1389
95340,18133,13780,4353
95345,187,142,45
95346,499,343,156
95348,8092,5587,2505
95350,19863,13647,6216
95351,12798,10450,2348
95354,9180,6281,2899
95355,17433,12503,4930
95356,9689,6944,2745
95357,4142,3405,737
95358,8342,7007,1335
95360,2561,2048,513
95361,9118,6849,2269
95363,4290,3549,741
95364,36,36,0
95365,975,898,77
95366,4218,3338,880
95367,4851,4082,769
95368,3532,3074,458
95369,403,292,111
95370,10637,7111,3526
95372,548,411,137
95374,595,491,104
95376,20656,16625,4031
95379,1552,1089,463
95380,12776,9535,3241
95382,8604,6326,2278
95383,2057,1436,621
95385,85,68,17
95386,2519,2120,399
95387,166,151,15
95388,3222,2683,539
95389,266,177,89
95401,12901,8315,4586
95403,14764,9791,4973
95404,13919,8508,5411
95405,8819,5731,3088
95407,9445,6548,2897
95409,11356,7124,4232
95410,391,231,160
95412,270,185,85
95415,434,314,120
95417,64,48,16
95419,207,125,82
95420,180,105,75
95421,655,361,294
95422,5742,3454,2288
95423,1639,960,679
95424,48,16,32
95425,3341,2405,936
95426,576,448,128
95427,213,110,103
95428,839,568,271
95429,27,18,9
95430,67,34,33
95431,0,0,0
95432,158,109,49
95436,2671,1454,1217
95437,6014,3683,2331
95439,167,116,51
95441,725,540,185
95442,1417,852,565
95443,105,67,38
95444,138,90,48
95445,873,525,348
95446,2274,1046,1228
95448,6537,4520,2017
95449,450,330,120
95450,213,102,111
95451,3937,2745,1192
95452,728,498,230
95453,4310,2807,1503
95454,1095,743,352
95456,522,261,261
95457,1120,790,330
95458,1426,798,628
95459,221,146,75
95460,1048,626,422
95461,2968,2012,956
95462,772,358,414
95463,59,48,11
95464,974,557,417
95465,751,366,385
95466,388,293,95
95468,518,332,186
95469,759,511,248
95470,2087,1657,430
95471,129,61,68
95472,12207,8248,3959
95476,14184,8857,5327
95480,14,7,7
95481,4,4,0
95482,11377,7655,3722
95485,976,629,347
95488,139,61,78
95490,5166,3503,1663
95492,7885,6101,1784
95493,84,64,20
95494,114,67,47
95497,419,282,137
95501,9742,5143,4599
95502,0,0,0
95503,9377,6298,3079
95511,85,63,22
95514,64,56,8
95519,6170,4250,1920
95521,8240,3618,4622
95524,721,535,186
95525,707,421,286
95526,286,196,90
95527,212,118,94
95528,411,295,116
95531,7793,5331,2462
95536,1199,802,397
95537,87,44,43
95540,4872,3252,1620
95542,892,553,339
95543,209,173,36
95545,42,26,16
95546,994,704,290
95547,446,335,111
95548,411,295,116
95549,100,80,20
95550,42,36,6
95551,582,377,205
95552,95,69,26
95553,412,207,205
95554,255,184,71
95555,220,137,83
95556,228,160,68
95558,126,72,54
95559,57,47,10
95560,865,406,459
95562,1259,863,396
95563,299,178,121
95564,126,97,29
95565,354,297,57
95567,772,515,257
95568,77,52,25
95569,134,85,49
95570,1074,595,479
95571,91,74,17
95573,741,464,277
95585,111,75,36
95587,91,34,57
95589,367,217,150
95595,97,71,26
95601,82,63,19
95602,6823,5284,1539
95603,10254,6575,3679
95605,4124,2854,1270
95606,162,102,60
95607,87,74,13
95608,24784,15511,9273
95610,16934,11078,5856
95612,392,318,74
95613,22,0,22
95614,1412,1171,241
95615,240,182,58
95616,24669,12598,12071
95618,272,207,65
95619,1725,1220,505
95620,5791,4763,1028
95621,16578,10785,5793
95623,1614,1134,480
95624,12472,10374,2098
95625,43,7,36
95626,1935,1672,263
95627,960,692,268
95628,16039,11397,4642
95629,369,250,119
95630,17192,12520,4672
95631,2216,1697,519
95632,7458,6210,1248
95633,928,747,181
95634,1041,786,255
95635,401,281,120
95636,292,205,87
95637,70,39,31
95638,604,488,116
95639,81,53,28
95640,2004,1499,505
95641,895,566,329
95642,2642,1754,888
95645,606,474,132
95646,26,8,18
95648,5194,4062,1132
95650,4076,3275,801
95651,163,91,72
95653,151,118,33
95655,328,106,222
95658,2397,1835,562
95659,298,207,91
95660,10604,7921,2683
95661,9717,6698,3019
95662,11665,8660,3005
95663,655,510,145
95664,379,306,73
95665,1811,1382,429
95666,2412,1627,785
95667,13548,9652,3896
95668,313,224,89
95669,864,644,220
95670,18799,12986,5813
95672,1296,1079,217
95673,4600,3502,1098
95674,307,248,59
95675,139,80,59
95676,98,74,24
95677,8062,5682,2380
95678,11758,8029,3729
95681,451,358,93
95682,9004,7093,1911
95683,1966,1547,419
95684,1088,846,242
95685,1932,1365,567
95686,361,294,67
95687,19267,14201,5066
95688,11306,8833,2473
95689,568,463,105
95690,799,518,281
95691,7360,4884,2476
95692,1236,940,296
95693,1977,1637,340
95694,2662,2221,441
95695,13695,9806,3889
95701,300,221,79
95703,593,423,170
95709,1923,1446,477
95713,3331,2413,918
95714,130,94,36
95715,72,58,14
95717,151,97,54
95720,80,34,46
95721,0,0,0
95722,1361,1133,228
95726,3354,2488,866
95728,35,17,18
95735,5,5,0
95736,5,5,0
95742,88,65,23
95746,6833,6018,815
95747,9941,7799,2142
95758,15392,12251,3141
95762,7153,6359,794
95765,5397,4532,865
95776,4437,3577,860
95814,8552,2032,6520
95815,9293,5514,3779
95816,9372,2442,6930
95817,5904,3126,2778
95818,10019,5114,4905
95819,7600,3852,3748
95820,12671,8278,4393
95821,15520,8836,6684
95822,15788,10723,5065
95823,22456,17097,5359
95824,8855,6687,2168
95825,15272,6078,9194
95826,15902,9237,6665
95827,7162,4689,2473
95828,16681,13224,3457
95829,3665,3058,607
95830,202,165,37
95831,17978,11657,6321
95832,2129,1798,331
95833,12191,7354,4837
95834,3213,2050,1163
95835,282,187,95
95836,0,0,0
95837,92,81,11
95838,10200,7675,2525
95841,8797,5260,3537
95842,11383,7886,3497
95843,11764,9384,2380
95864,10009,6653,3356
95901,12891,9146,3745
95903,1601,1424,177
95910,72,37,35
95912,1474,1170,304
95913,80,74,6
95914,258,173,85
95916,565,355,210
95917,1045,829,216
95918,543,454,89
95919,588,401,187
95920,101,67,34
95922,252,142,110
95923,42,18,24
95925,136,71,65
95926,14547,7306,7241
95928,12564,6737,5827
95930,133,111,22
95932,2659,1881,778
95934,79,54,25
95935,276,201,75
95936,178,113,65
95937,0,0,0
95938,1276,938,338
95939,179,117,62
95941,206,93,113
95942,587,476,111
95943,465,355,110
95944,22,22,0
95945,10220,6303,3917
95946,3958,3100,858
95947,833,566,267
95948,3336,2486,850
95949,7057,5377,1680
95950,157,110,47
95951,524,425,99
95953,2572,2054,518
95954,4597,3353,1244
95955,396,309,87
95956,138,94,44
95957,279,194,85
95959,6955,4957,1998
95960,238,145,93
95961,2069,1534,535
95962,600,424,176
95963,4882,3614,1268
95965,6510,4432,2078
95966,10882,7514,3368
95968,393,291,102
95969,12348,7787,4561
95970,186,154,32
95971,2689,1724,965
95972,44,23,21
95973,10579,6914,3665
95974,24,19,5
95975,646,385,261
95977,361,311,50
95978,8,0,8
95979,302,200,102
95981,34,20,14
95982,1028,870,158
95983,256,161,95
95984,26,13,13
95986,54,17,37
95987,1246,986,260
95988,3118,2237,881
95991,12476,8761,3715
95993,9499,7435,2064
96001,12723,8423,4300
96002,11265,7974,3291
96003,16586,11040,5546
96006,284,194,90
96007,8025,5716,2309
96008,347,252,95
96009,202,157,45
96010,94,68,26
96011,99,50,49
96013,1843,1254,589
96014,146,110,36
96015,89,47,42
96016,162,145,17
96017,93,59,34
96019,2406,1644,762
96020,1098,784,314
96021,5010,3560,1450
96022,4586,3592,994
96023,464,329,135
96024,373,245,128
96025,1174,681,493
96027,877,615,262
96028,681,449,232
96029,30,24,6
96031,70,35,35
96032,949,650,299
96033,143,104,39
96034,133,103,30
96035,1140,849,291
96037,111,79,32
96038,245,170,75
96039,548,353,195
96040,156,91,65
96041,1085,701,384
96044,451,309,142
96046,118,66,52
96047,341,256,85
96048,309,216,93
96050,210,126,84
96051,541,389,152
96052,741,528,213
96054,152,108,44
96055,1490,1044,446
96056,585,467,118
96057,697,476,221
96058,305,212,93
96059,236,174,62
96061,34,27,7
96062,283,242,41
96063,59,36,23
96064,1821,1319,502
96065,168,105,63
96067,3204,2017,1187
96068,50,33,17
96069,331,243,88
96071,75,53,22
96073,1724,1436,288
96074,41,24,17
96075,116,72,44
96076,117,50,67
96080,10281,7120,3161
96084,177,119,58
96085,40,26,14
96086,151,91,60
96087,195,154,41
96088,1789,1332,457
96090,142,108,34
96091,351,233,118
96092,166,119,47
96093,1619,1038,581
96094,2420,1690,730
96095,0,0,0
96096,317,223,94
96097,4041,2542,1499
96101,2085,1442,643
96103,885,588,297
96104,381,249,132
96105,235,124,111
96106,45,24,21
96107,517,368,149
96108,16,16,0
96109,433,332,101
96110,47,33,14
96112,87,55,32
96113,374,245,129
96114,1119,880,239
96115,68,49,19
96116,100,60,40
96117,119,101,18
96118,733,515,218
96119,20,18,2
96120,418,270,148
96121,232,151,81
96122,1700,1233,467
96123,28,14,14
96124,138,87,51
96125,165,85,80
96126,83,59,24
96128,161,122,39
96130,5588,3858,1730
96132,31,21,10
96133,48,33,15
96134,937,661,276
96136,52,32,20
96137,1801,1252,549
96140,770,492,278
96141,360,209,151
96142,577,344,233
96143,1748,916,832
96145,1662,862,800
96146,406,195,211
96148,245,191,54
96150,13067,8083,4984
96161,5900,4161,1739
96701,13782,10279,3503
96703,652,534,118
96704,2345,1680,665
96705,632,496,136
96706,11769,9928,1841
96707,7285,6260,1025
96708,3041,2014,1027
96710,126,108,18
96712,2607,1759,848
96713,523,365,158
96714,838,509,329
96716,816,645,171
96717,1339,1037,302
96718,0,0,0
96719,585,432,153
96720,15366,10771,4595
96722,502,393,109
96725,1047,703,344
96727,1558,1135,423
96728,206,160,46
96729,305,255,50
96730,567,392,175
96731,762,587,175
96732,5707,4339,1368
96734,16191,13003,3188
96737,897,527,370
96738,1903,1324,579
96740,9369,6415,2954
96741,2236,1583,653
96742,132,14,118
96743,2959,2145,814
96744,16909,13867,3042
96746,5592,4064,1528
96747,198,150,48
96748,1540,1128,412
96749,3828,2862,966
96750,945,645,300
96751,106,56,50
96752,980,740,240
96753,8687,5373,3314
96754,733,493,240
96755,962,719,243
96756,1961,1402,559
96757,264,225,39
96759,125,97,28
96760,826,555,271
96761,6271,4023,2248
96762,997,812,185
96763,1159,797,362
96764,273,223,50
96766,3990,2856,1134
96768,5329,4015,1314
96769,158,127,31
96770,200,152,48
96771,1707,1153,554
96772,668,453,215
96773,62,47,15
96774,50,42,8
96776,482,352,130
96777,491,372,119
96778,3792,2556,1236
96779,895,629,266
96780,187,131,56
96781,564,410,154
96782,10971,9044,1927
96783,667,485,182
96785,1080,641,439
96786,11235,9576,1659
96789,14941,12154,2787
96790,2545,1741,804
96791,2405,1783,622
96792,10560,8926,1634
96793,7095,5109,1986
96795,2317,2004,313
96796,782,565,217
96797,17253,14025,3228
96813,9105,4424,4681
96814,7301,3036,4265
96815,14683,6000,8683
96816,17523,12181,5342
96817,18418,12066,6352
96818,16692,13715,2977
96819,11524,9745,1779
96821,6355,5134,1221
96822,18463,10441,8022
96825,9642,7812,1830
96826,15010,7060,7950
96862,0,0,0
96863,0,0,0
97001,73,51,22
97002,2152,1649,503
97004,1552,1265,287
97005,10386,5572,4814
97006,19206,12860,6346
97007,19667,14697,4970
97008,10908,7112,3796
97009,4566,3742,824
97011,373,212,161
97013,6876,5247,1629
97014,502,375,127
97015,8873,6474,2399
97016,2325,1688,637
97017,891,707,184
97018,591,453,138
97019,1010,788,222
97020,32,23,9
97021,411,290,121
97022,1202,1011,191
97023,3445,2570,875
97024,3251,2204,1047
97026,889,746,143
97027,4437,3292,1145
97028,120,85,35
97029,137,97,40
97030,12556,7952,4604
97031,5985,4270,1715
97032,1382,1083,299
97033,35,21,14
97034,7551,5488,2063
97035,10319,6460,3859
97037,437,301,136
97038,4475,3454,1021
97039,184,135,49
97040,386,281,105
97041,842,662,180
97042,1078,844,234
97045,16340,12435,3905
97048,2463,1881,582
97049,790,492,298
97050,189,119,70
97051,4857,3430,1427
97053,1215,994,221
97054,458,399,59
97055,4910,3754,1156
97056,3671,2650,1021
97058,7452,5133,2319
97060,6113,4727,1386
97062,9075,6211,2864
97063,446,344,102
97064,1258,953,305
97065,256,179,77
97067,625,415,210
97068,9033,6991,2042
97070,6538,4280,2258
97071,7771,5689,2082
97080,12609,9624,2985
97101,1228,1002,226
97102,90,65,25
97103,6955,4525,2430
97106,1492,1196,296
97107,595,409,186
97108,187,126,61
97109,210,173,37
97110,521,302,219
97111,932,743,189
97112,1009,721,288
97113,3773,2954,819
97114,1413,1154,259
97115,1206,941,265
97116,7439,5135,2304
97117,244,181,63
97118,374,208,166
97119,1758,1421,337
97121,434,319,115
97122,163,134,29
97123,11888,8883,3005
97124,14420,9540,4880
97125,29,20,9
97127,867,674,193
97128,10700,7599,3101
97130,217,123,94
97131,1106,732,374
97132,8171,6133,2038
97133,1335,1053,282
97134,22,6,16
97135,190,71,119
97136,917,563,354
97137,466,330,136
97138,4130,2573,1557
97140,5977,4777,1200
97141,5065,3492,1573
97143,36,23,13
97144,49,35,14
97145,199,117,82
97146,1998,1364,634
97147,124,74,50
97148,1030,876,154
97149,214,140,74
97201,13789,5125,8664
97202,16866,8230,8636
97203,9985,6432,3553
97204,395,15,380
97205,4413,472,3941
97206,18023,10733,7290
97209,5249,663,4586
97210,5887,1780,4107
97211,11607,6958,4649
97212,9760,5507,4253
97213,12821,7043,5778
97214,11398,3759,7639
97215,6996,3891,3105
97216,4954,3203,1751
97217,12505,6904,5601
97218,5215,3229,1986
97219,15287,9212,6075
97220,10420,6330,4090
97221,4853,3114,1739
97222,14532,9004,5528
97223,17663,11668,5995
97224,11042,6657,4385
97225,9724,5546,4178
97227,1523,762,761
97229,16297,12088,4209
97230,13720,9020,4700
97231,1768,1227,541
97232,5759,1924,3835
97233,11987,8131,3856
97236,11501,8475,3026
97266,14366,9270,5096
97267,11454,7935,3519
97301,17706,11365,6341
97302,15120,9638,5482
97303,19428,13548,5880
97304,8647,5952,2695
97305,12678,8945,3733
97306,8764,6419,2345
97321,19238,13347,5891
97324,426,334,92
97325,1971,1623,348
97326,310,228,82
97327,943,701,242
97329,22,11,11
97330,16602,9356,7246
97331,3,3,0
97333,7088,3825,3263
97338,6631,4940,1691
97341,1153,685,468
97342,170,111,59
97343,171,135,36
97344,297,209,88
97345,213,174,39
97346,364,266,98
97347,572,404,168
97348,508,375,133
97350,60,44,16
97351,2292,1729,563
97352,1696,1344,352
97355,10041,7413,2628
97357,92,82,10
97358,951,718,233
97360,723,539,184
97361,3740,2271,1469
97362,1341,886,455
97364,174,135,39
97365,4581,2794,1787
97366,436,309,127
97367,4686,2714,1972
97368,1391,1006,385
97370,2989,2329,660
97371,218,172,46
97374,1807,1497,310
97375,445,336,109
97376,482,306,176
97377,322,261,61
97378,2133,1617,516
97380,837,632,205
97381,4610,3501,1109
97383,3331,2475,856
97385,858,651,207
97386,4798,3519,1279
97389,507,392,115
97390,270,167,103
97391,2021,1497,524
97392,1705,1329,376
97394,2163,1390,773
97396,1132,822,310
97401,17223,7072,10151
97402,18619,11011,7608
97403,3676,1636,2040
97404,10917,7968,2949
97405,17950,11444,6506
97406,63,28,35
97408,3881,2728,1153
97410,258,176,82
97411,2932,1899,1033
97412,206,163,43
97413,391,238,153
97414,71,55,16
97415,5970,3949,2021
97416,274,214,60
97417,748,485,263
97419,493,414,79
97420,11184,7326,3858
97423,2884,1992,892
97424,6368,4619,1749
97425,50,50,0
97426,2752,2023,729
97427,149,92,57
97428,60,50,10
97429,234,180,54
97430,158,117,41
97431,929,729,200
97434,119,91,28
97435,867,619,248
97436,345,270,75
97437,984,849,135
97438,573,450,123
97439,6127,3978,2149
97441,130,111,19
97442,808,600,208
97443,846,628,218
97444,2140,1410,730
97446,1477,1159,318
97447,340,250,90
97448,4650,3303,1347
97449,700,460,240
97450,251,171,80
97451,134,101,33
97452,325,232,93
97453,378,273,105
97454,409,285,124
97455,1078,888,190
97456,958,726,232
97457,3832,2805,1027
97458,2103,1494,609
97459,5937,4046,1891
97461,290,214,76
97462,1521,1163,358
97463,1571,1076,495
97465,1015,594,421
97466,362,210,152
97467,2628,1701,927
97469,987,732,255
97470,18379,12930,5449
97473,117,86,31
97476,123,81,42
97477,14505,9129,5376
97478,11949,8992,2957
97479,3349,2353,996
97480,177,101,76
97481,214,193,21
97484,139,83,56
97486,255,179,76
97487,2415,1831,584
97488,473,318,155
97489,324,226,98
97490,103,77,26
97492,248,186,62
97493,126,67,59
97496,2665,1953,712
97497,686,445,241
97498,676,394,282
97499,818,567,251
97501,14302,9598,4704
97502,8489,6524,1965
97503,2748,2207,541
97504,16771,11374,5397
97520,10347,5705,4642
97522,233,179,54
97523,2571,1681,890
97524,3852,3030,822
97525,2208,1507,701
97526,13151,8941,4210
97527,11822,8566,3256
97530,2693,1927,766
97531,177,75,102
97532,843,655,188
97534,215,128,87
97535,1837,1138,699
97536,406,296,110
97537,2861,1979,882
97538,807,575,232
97539,1182,819,363
97540,3054,2023,1031
97541,497,370,127
97543,29,14,15
97544,814,564,250
97601,8731,5548,3183
97603,11211,8026,3185
97604,13,13,0
97620,41,28,13
97621,182,101,81
97622,227,160,67
97623,781,594,187
97624,1294,958,336
97625,31,26,5
97626,24,20,4
97627,442,311,131
97630,2083,1451,632
97632,378,295,83
97633,506,366,140
97634,28,13,15
97635,160,68,92
97636,185,139,46
97637,39,28,11
97638,152,137,15
97639,151,105,46
97640,30,24,6
97641,429,272,157
97701,17804,11781,6023
97702,11201,8148,3053
97707,2164,1615,549
97710,31,21,10
97711,40,30,10
97712,18,13,5
97720,2601,1788,813
97721,94,68,26
97722,23,15,8
97730,102,89,13
97731,188,153,35
97732,58,45,13
97733,300,195,105
97734,802,638,164
97735,56,36,20
97736,33,22,11
97737,173,128,45
97738,93,79,14
97739,3580,2629,951
97741,3765,2783,982
97750,177,125,52
97751,48,17,31
97752,31,31,0
97753,683,631,52
97754,6502,4710,1792
97756,8547,6191,2356
97758,31,18,13
97759,1890,1484,406
97760,2355,1837,518
97761,814,678,136
97801,7919,5303,2616
97810,296,228,68
97812,335,226,109
97813,494,390,104
97814,5061,3459,1602
97817,7,3,4
97818,1197,959,238
97819,28,24,4
97820,385,288,97
97823,495,327,168
97824,559,463,96
97825,107,68,39
97826,380,262,118
97827,956,686,270
97828,1324,891,433
97830,309,201,108
97833,381,289,92
97834,478,305,173
97835,122,105,17
97836,850,612,238
97837,59,43,16
97838,7836,5601,2235
97839,174,122,52
97840,69,38,31
97841,147,111,36
97842,74,42,32
97843,273,204,69
97844,1264,1014,250
97845,1096,746,350
97846,846,591,255
97848,102,65,37
97850,6650,4216,2434
97856,159,110,49
97857,202,149,53
97859,54,25,29
97862,4093,2958,1135
97864,101,73,28
97865,504,338,166
97867,275,196,79
97868,793,610,183
97869,538,377,161
97870,282,179,103
97872,13,13,0
97873,133,97,36
97874,160,111,49
97875,908,696,212
97876,292,234,58
97877,97,53,44
97880,152,108,44
97882,1717,1327,390
97883,857,654,203
97884,90,53,37
97885,595,432,163
97886,463,353,110
97901,231,178,53
97903,58,48,10
97904,58,35,23
97905,70,50,20
97906,86,77,9
97907,283,189,94
97908,31,20,11
97909,7,7,0
97910,269,186,83
97911,44,29,15
97913,1869,1459,410
97914,5999,4147,1852
97918,1631,1263,368
97920,13,10,3
98001,8862,6804,2058
98002,12517,7657,4860
98003,16942,10756,6186
98004,10579,6038,4541
98005,7593,4411,3182
98006,13057,10199,2858
98007,10179,5675,4504
98008,9108,6481,2627
98010,1591,1258,333
98011,10390,6947,3443
98012,14286,10504,3782
98014,2401,1888,513
98019,2830,2300,530
98020,7966,5018,2948
98021,7508,5544,1964
98022,7948,5724,2224
98023,17063,12532,4531
98024,1787,1389,398
98025,8,8,0
98026,13555,9646,3909
98027,8766,6004,2762
98028,7199,4856,2343
98029,9822,7894,1928
98031,23115,16498,6617
98032,12310,6704,5606
98033,13475,7611,5864
98034,16361,10181,6180
98036,12603,8599,4004
98037,17079,11204,5875
98038,7722,6313,1409
98039,1111,901,210
98040,8434,6266,2168
98042,12819,10442,2377
98043,7956,5064,2892
98045,5044,3759,1285
98047,1867,1352,515
98051,1080,840,240
98052,20706,12832,7874
98053,10276,8837,1439
98055,11545,6264,5281
98056,10216,6257,3959
98058,13690,10320,3370
98059,10825,7787,3038
98065,1406,1039,367
98068,74,57,17
98070,4196,2861,1335
98072,12005,9691,2314
98092,8672,6741,1931
98101,5785,863,4922
98102,12507,2495,10012
98103,21162,7916,13246
98104,5545,1325,4220
98105,14870,5563,9307
98106,8468,5356,3112
98107,9627,3638,5989
98108,7111,4758,2353
98109,9506,2621,6885
98110,7969,5769,2200
98112,9956,4429,5527
98115,19530,10451,9079
98116,10590,5043,5547
98117,13432,7413,6019
98118,13840,9243,4597
98119,9970,3301,6669
98121,5917,1084,4833
98122,13876,4315,9561
98125,15888,8070,7818
98126,8503,4728,3775
98133,19083,10028,9055
98134,22,0,22
98136,6742,3497,3245
98144,9984,5672,4312
98146,9646,6470,3176
98148,4303,2359,1944
98154,0,0,0
98155,13138,8904,4234
98164,0,0,0
98166,8556,5624,2932
98168,11403,7177,4226
98174,0,0,0
98177,7510,5380,2130
98178,8529,5714,2815
98188,9651,5440,4211
98198,12664,8107,4557
98199,9184,4886,4298
98201,11810,6151,5659
98203,12262,8420,3842
98204,13128,7595,5533
98205,6093,4795,1298
98208,16617,12225,4392
98220,234,177,57
98221,7815,5417,2398
98222,27,9,18
98223,12124,9101,3023
98224,104,50,54
98225,17886,7923,9963
98226,22057,15114,6943
98230,4315,2993,1322
98232,1307,1041,266
98233,4607,3306,1301
98235,40,15,25
98236,2315,1717,598
98237,1078,762,316
98238,18,9,9
98239,2474,1717,757
98240,912,715,197
98241,811,560,251
98243,67,45,22
98244,896,628,268
98245,1495,923,572
98247,2626,2056,570
98248,6576,5068,1508
98249,1667,1130,537
98250,3058,1922,1136
98251,1575,1146,429
98252,2311,1719,592
98253,625,374,251
98256,265,138,127
98257,1562,1124,438
98258,5804,4571,1233
98260,2033,1360,673
98261,1099,695,404
98262,363,226,137
98264,5849,4517,1332
98267,270,177,93
98270,12552,9338,3214
98271,7982,6267,1715
98272,7382,5573,1809
98273,9191,6226,2965
98274,4843,3495,1348
98275,7111,5389,1722
98277,13240,9867,3373
98279,359,228,131
98280,184,96,88
98281,624,382,242
98283,154,97,57
98284,8270,5945,2325
98286,106,62,44
98288,196,119,77
98290,10190,7798,2392
98292,11887,8935,2952
98294,2052,1534,518
98295,1657,1214,443
98296,6324,5307,1017
98297,64,38,26
98303,393,231,162
98304,385,250,135
98305,171,91,80
98310,8157,4789,3368
98311,8308,6450,1858
98312,12478,8344,4134
98315,1282,1275,7
98320,576,374,202
98321,4901,3765,1136
98323,273,224,49
98325,567,416,151
98326,224,144,80
98327,877,614,263
98328,3121,2360,761
98329,3303,2668,635
98330,28,22,6
98331,2182,1571,611
98332,4747,3701,1046
98333,1041,859,182
98335,8823,6700,2123
98336,519,350,169
98337,2924,1436,1488
98338,6965,5795,1170
98339,1367,961,406
98340,821,603,218
98342,317,233,84
98345,148,99,49
98346,3164,2338,826
98349,1434,990,444
98350,124,83,41
98351,471,379,92
98353,54,31,23
98354,2336,1565,771
98355,273,190,83
98356,874,575,299
98357,470,321,149
98358,394,289,105
98359,1354,1073,281
98360,2572,2011,561
98361,507,311,196
98362,9250,5884,3366
98363,5011,3437,1574
98364,25,15,10
98365,1676,1222,454
98366,11772,8282,3490
98367,8561,6902,1659
98368,5945,3593,2352
98370,9725,7113,2612
98371,8032,5434,2598
98372,8225,5443,2782
98373,6419,4606,1813
98374,10293,8188,2105
98375,4604,3835,769
98376,751,484,267
98377,878,639,239
98380,1247,926,321
98381,269,167,102
98382,9836,6734,3102
98383,7144,5237,1907
98385,63,47,16
98387,12203,9648,2555
98388,2613,1797,816
98390,15930,12280,3650
98392,968,628,340
98394,356,261,95
98396,144,106,38
98402,2334,491,1843
98403,4237,1658,2579
98404,10201,7306,2895
98405,8919,4870,4049
98406,9543,5523,4020
98407,8809,5428,3381
98408,10886,7240,3646
98409,8643,5289,3354
98421,23,1,22
98422,7320,5593,1727
98424,2152,1153,999
98433,3571,3525,46
98439,2052,1665,387
98443,2090,1602,488
98444,11892,7752,4140
98445,7997,5932,2065
98446,3427,2611,816
98465,3090,1742,1348
98466,10622,6751,3871
98467,5769,4108,1661
98498,11516,7628,3888
98499,12225,7512,4713
98501,13840,8726,5114
98502,10684,6450,4234
98503,12795,8615,4180
98506,7382,4330,3052
98512,9621,6446,3175
98513,8781,6912,1869
98516,5550,3986,1564
98520,8662,5648,3014
98524,645,508,137
98526,170,119,51
98527,101,58,43
98528,3087,2178,909
98530,168,134,34
98531,8627,5697,2930
98532,7524,5489,2035
98533,224,165,59
98535,228,152,76
98536,136,74,62
98537,702,482,220
98538,115,87,28
98539,65,58,7
98541,3496,2499,997
98542,202,170,32
98546,873,671,202
98547,789,450,339
98548,884,569,315
98550,4590,3040,1550
98552,232,168,64
98555,234,192,42
98557,1072,769,303
98559,24,15,9
98560,61,40,21
98562,110,42,68
98563,2889,2110,779
98564,816,610,206
98565,172,121,51
98568,798,609,189
98569,1938,1273,665
98570,1259,1010,249
98571,194,119,75
98572,322,228,94
98575,68,43,25
98576,1207,888,319
98577,2593,1800,793
98579,3499,2690,809
98580,3284,2530,754
98581,252,155,97
98582,150,85,65
98584,11335,8019,3316
98585,228,207,21
98586,902,591,311
98587,253,203,50
98588,645,426,219
98589,2450,1840,610
98590,176,112,64
98591,1135,875,260
98592,594,430,164
98593,366,266,100
98595,1291,776,515
98596,2407,1818,589
98597,5309,3901,1408
98601,795,627,168
98602,85,73,12
98603,253,181,72
98604,7946,6582,1364
98605,452,273,179
98606,2759,2263,496
98607,6403,5078,1325
98610,1080,763,317
98611,3133,2367,766
98612,1018,730,288
98613,188,157,31
98614,243,169,74
98616,9,9,0
98617,405,294,111
98619,201,153,48
98620,2743,1916,827
98621,93,65,28
98624,559,367,192
98625,1726,1274,452
98626,8654,6200,2454
98628,107,88,19
98629,2410,1956,454
98631,1589,951,638
98632,18550,12528,6022
98635,834,631,203
98638,496,359,137
98639,207,158,49
98640,1824,1140,684
98641,33,33,0
98642,4514,3625,889
98643,152,113,39
98644,298,157,141
98645,477,379,98
98647,206,124,82
98648,1111,775,336
98649,247,199,48
98650,299,224,75
98651,364,301,63
98660,4156,2126,2030
98661,14785,9080,5705
98662,8714,6274,2440
98663,5683,3553,2130
98664,8229,5479,2750
98665,8175,5414,2761
98670,32,27,5
98671,5619,4189,1430
98672,2017,1458,559
98673,78,44,34
98674,3271,2464,807
98675,1338,1123,215
98682,14473,11333,3140
98683,11389,7723,3666
98684,7428,5471,1957
98685,7769,5910,1859
98686,4847,3806,1041
98801,13781,9236,4545
98802,8461,6391,2070
98811,25,23,2
98812,1695,1325,370
98813,758,610,148
98814,243,177,66
98815,2762,1985,777
98816,2482,1678,804
98817,90,57,33
98819,132,80,52
98821,112,79,33
98822,661,511,150
98823,3533,2614,919
98826,2689,1876,813
98827,190,149,41
98828,631,538,93
98829,205,163,42
98830,225,142,83
98831,1102,835,267
98832,80,60,20
98833,29,24,5
98834,89,71,18
98836,129,107,22
98837,11356,8301,3055
98840,1765,1265,500
98841,3377,2420,957
98843,464,372,92
98844,1763,1205,558
98845,30,25,5
98846,358,261,97
98847,457,364,93
98848,3090,2466,624
98849,358,250,108
98850,610,495,115
98851,1568,1011,557
98852,38,16,22
98853,20,17,3
98855,2054,1410,644
98856,975,638,337
98857,1134,918,216
98858,628,464,164
98859,101,70,31
98860,105,68,37
98862,913,580,333
98901,9192,6490,2702
98902,16491,10509,5982
98903,4994,3555,1439
98908,12218,9013,3205
98922,2015,1346,669
98923,462,387,75
98925,257,173,84
98926,9799,5462,4337
98930,3852,3169,683
98932,1020,857,163
98933,333,276,57
98934,198,132,66
98935,964,830,134
98936,1139,930,209
98937,1242,942,300
98938,638,540,98
98940,211,120,91
98941,457,264,193
98942,5439,4333,1106
98943,176,121,55
98944,5562,4498,1064
98946,173,128,45
98947,867,713,154
98948,3588,2906,682
98950,29,20,9
98951,3665,3047,618
98952,626,550,76
98953,1986,1611,375
99001,524,335,189
99003,1653,1371,282
99004,5209,3202,2007
99005,2180,1947,233
99006,3222,2467,755
99008,279,222,57
99009,1266,959,307
99011,1107,1094,13
99012,360,255,105
99013,331,233,98
99016,2720,1988,732
99017,81,65,16
99018,118,90,28
99019,1972,1568,404
99020,21,13,8
99021,3057,2396,661
99022,2440,1879,561
99023,127,109,18
99025,1563,1293,270
99026,2523,2161,362
99027,2345,1808,537
99029,505,403,102
99030,274,201,73
99031,360,292,68
99032,296,196,100
99033,360,246,114
99034,85,54,31
99036,363,218,145
99037,4103,3162,941
99040,297,234,63
99101,487,336,151
99102,225,158,67
99103,214,151,63
99105,22,17,5
99109,1672,1191,481
99110,486,355,131
99111,1711,1106,605
99113,275,196,79
99114,4778,3340,1438
99115,513,325,188
99116,701,466,235
99117,254,173,81
99118,378,273,105
99119,465,316,149
99121,44,27,17
99122,1326,889,437
99123,377,288,89
99124,61,32,29
99125,241,177,64
99126,279,219,60
99128,134,94,40
99129,254,198,56
99130,370,260,110
99131,82,60,22
99133,713,470,243
99134,272,171,101
99135,93,57,36
99136,20,19,1
99137,122,94,28
99138,449,311,138
99139,491,341,150
99140,151,107,44
99141,2091,1526,565
99143,320,230,90
99146,13,11,2
99148,796,582,214
99149,91,59,32
99150,99,64,35
99151,54,38,16
99152,82,49,33
99153,200,111,89
99154,10,10,0
99155,370,298,72
99156,2736,1931,805
99157,273,179,94
99158,260,190,70
99159,633,469,164
99160,51,34,17
99161,608,445,163
99163,9476,4076,5400
99166,1221,832,389
99167,212,152,60
99169,1060,703,357
99170,452,346,106
99171,457,321,136
99173,467,354,113
99176,83,67,16
99179,202,147,55
99180,313,227,86
99181,709,519,190
99185,581,427,154
99201,5183,1919,3264
99202,7565,3955,3610
99203,9196,5773,3423
99204,5585,1810,3775
99205,17961,11409,6552
99206,12543,8470,4073
99207,15510,9250,6260
99208,13699,9539,4160
99212,8024,5060,2964
99216,8774,5961,2813
99217,4108,2967,1141
99218,4679,3338,1341
99223,9844,7012,2832
99224,5633,3811,1822
99301,12554,9790,2764
99320,2803,2239,564
99321,145,137,8
99322,89,73,16
99323,1176,1003,173
99324,3110,2015,1095
99326,991,790,201
99328,1557,1043,514
99329,91,69,22
99330,236,172,64
99332,22,14,8
99335,129,91,38
99336,15825,10173,5652
99337,8866,7052,1814
99338,2599,2252,347
99341,362,283,79
99343,773,700,73
99344,4038,3389,649
99345,66,52,14
99346,107,82,25
99347,1044,724,320
99348,491,420,71
99349,1302,1142,160
99350,3616,2891,725
99352,15479,10638,4841
99353,3251,2538,713
99356,66,54,12
99357,1031,830,201
99359,33,17,16
99360,410,324,86
99361,742,527,215
99362,13623,8975,4648
99363,87,79,8
99371,174,118,56
99401,83,56,27
99402,650,514,136
99403,7619,5098,2521
99501,7304,3090,4214
99502,6597,4877,1720
99503,6100,2940,3160
99504,13561,9512,4049
99505,1220,1141,79
99506,1602,1562,40
99507,10175,6955,3220
99508,12400,7910,4490
99513,0,0,0
99515,7470,5707,1763
99516,7209,6112,1097
99517,6791,4095,2696
99518,3801,2344,1457
99540,107,53,54
99546,156,60,96
99547,31,17,14
99548,37,33,4
99549,37,16,21
99550,91,79,12
99551,132,117,15
99552,72,52,20
99553,30,15,15
99554,144,126,18
99555,69,46,23
99556,897,597,300
99557,242,184,58
99558,38,30,8
99559,2053,1429,624
99561,68,61,7
99563,164,133,31
99564,35,22,13
99565,32,23,9
99566,64,34,30
99567,2592,2061,531
99568,105,65,40
99569,31,20,11
99571,69,33,36
99572,149,83,66
99573,460,306,154
99574,987,628,359
99575,44,32,12
99576,961,660,301
99577,7311,6072,1239
99578,76,52,24
99579,40,23,17
99580,36,24,12
99581,182,140,42
99583,25,18,7
99585,87,72,15
99586,258,155,103
99587,837,402,435
99588,437,297,140
99589,70,45,25
99590,45,29,16
99591,53,41,12
99602,66,48,18
99603,3267,2134,1133
99604,238,190,48
99605,59,31,28
99606,133,107,26
99607,62,49,13
99608,12,8,4
99609,100,90,10
99610,617,440,177
99611,4316,3045,1271
99612,165,123,42
99613,206,113,93
99614,143,130,13
99615,4134,3096,1038
99620,122,103,19
99621,149,130,19
99622,66,59,7
99624,36,22,14
99625,46,24,22
99626,69,60,9
99627,150,104,46
99628,91,80,11
99630,72,51,21
99631,79,58,21
99632,178,142,36
99633,239,160,79
99634,89,74,15
99635,362,242,120
99636,105,89,16
99637,107,93,14
99638,18,17,1
99639,410,287,123
99640,73,51,22
99641,102,89,13
99643,70,52,18
99644,77,51,26
99645,6242,4754,1488
99647,19,15,4
99648,29,19,10
99649,35,27,8
99650,104,91,13
99651,19,12,7
99652,1267,864,403
99653,51,41,10
99654,10614,7992,2622
99655,137,114,23
99656,17,9,8
99657,78,68,10
99658,171,118,53
99659,95,66,29
99660,179,125,54
99661,233,156,77
99662,100,86,14
99663,298,185,113
99664,1724,1085,639
99665,38,34,4
99666,38,34,4
99667,61,29,32
99668,30,19,11
99669,5214,3749,1465
99670,47,31,16
99671,121,104,17
99672,830,685,145
99674,360,245,115
99675,19,10,9
99676,625,378,247
99677,33,28,5
99678,213,166,47
99679,90,80,10
99680,78,66,12
99681,78,54,24
99682,82,47,35
99683,211,119,92
99684,232,184,48
99685,218,148,70
99686,1503,1045,458
99687,78,41,37
99688,836,552,284
99689,261,161,100
99690,54,42,12
99691,40,21,19
99692,619,344,275
99693,94,53,41
99694,208,152,56
99695,14,7,7
99697,11,3,8
99701,7129,4108,3021
99702,1443,1423,20
99703,1818,1777,41
99704,58,30,28
99705,5654,4330,1324
99709,9760,6086,3674
99712,3341,2508,833
99714,424,280,144
99720,66,37,29
99721,82,63,19
99722,45,26,19
99723,1376,947,429
99724,38,25,13
99725,74,36,38
99726,33,19,14
99727,84,76,8
99729,120,80,40
99730,65,38,27
99732,5,0,5
99733,24,14,10
99736,42,27,15
99737,1227,914,313
99738,102,51,51
99739,93,75,18
99740,258,156,102
99741,223,155,68
99742,151,111,40
99743,425,239,186
99744,90,64,26
99745,27,19,8
99746,94,70,24
99747,90,71,19
99748,70,57,13
99749,89,72,17
99750,78,63,15
99751,29,25,4
99752,887,653,234
99753,76,58,18
99754,41,24,17
99755,97,43,54
99756,45,17,28
99757,16,8,8
99758,74,44,30
99759,63,44,19
99760,304,195,109
99761,102,92,10
99762,1306,834,472
99763,141,117,24
99764,110,76,34
99765,87,66,21
99766,186,158,28
99767,19,11,8
99768,64,42,22
99769,151,123,28
99770,173,153,20
99771,57,46,11
99772,146,117,29
99773,64,60,4
99774,36,15,21
99775,113,94,19
99776,45,31,14
99777,119,67,52
99778,72,56,16
99779,33,20,13
99780,539,376,163
99781,66,50,16
99782,150,117,33
99783,52,29,23
99784,64,49,15
99785,70,60,10
99786,72,58,14
99788,31,11,20
99789,113,93,20
99791,51,40,11
99801,10598,7263,3335
99820,193,148,45
99824,936,491,445
99825,33,21,12
99826,205,114,91
99827,1011,674,337
99829,330,242,88
99830,254,182,72
99832,79,42,37
99833,1352,931,421
99835,3247,2227,1020
99840,398,207,191
99841,46,22,24
99850,12,4,8
99901,5378,3637,1741
99903,8,8,0
99918,75,48,27
99919,229,175,54
99921,705,476,229
99922,133,98,35
99923,48,18,30
99925,347,243,104
99926,489,355,134
99927,72,35,37
99929,968,661,307
99950,21,11,10
